VNULEO-0001
1 00001U 26001A   26001.50000000  .00000000  00000-0  00000-0 0  9990
2 00001 090.0000 000.0000 0000001 000.0000 000.0000 12.41559304    10
VNULEO-0002
1 00002U 26001A   26001.50000000  .00000000  00000-0  00000-0 0  9990
2 00002 090.0000 000.0000 0000001 000.0000 018.0000 12.41559304    20
VNULEO-0003
1 00003U 26001A   26001.50000000  .00000000  00000-0  00000-0 0  9990
2 00003 090.0000 000.0000 0000001 000.0000 036.0000 12.41559304    30
VNULEO-0004
1 00004U 26001A   26001.50000000  .00000000  00000-0  00000-0 0  9990
2 00004 090.0000 000.0000 0000001 000.0000 054.0000 12.41559304    40
VNULEO-0005
1 00005U 26001A   26001.50000000  .00000000  00000-0  00000-0 0  9990
2 00005 090.0000 000.0000 0000001 000.0000 072.0000 12.41559304    50
VNULEO-0006
1 00006U 26001A   26001.50000000  .00000000  00000-0  00000-0 0  9990
2 00006 090.0000 000.0000 0000001 000.0000 090.0000 12.41559304    60
VNULEO-0007
1 00007U 26001A   26001.50000000  .00000000  00000-0  00000-0 0  9990
2 00007 090.0000 000.0000 0000001 000.0000 108.0000 12.41559304    70
VNULEO-0008
1 00008U 26001A   26001.50000000  .00000000  00000-0  00000-0 0  9990
2 00008 090.0000 000.0000 0000001 000.0000 126.0000 12.41559304    80
VNULEO-0009
1 00009U 26001A   26001.50000000  .00000000  00000-0  00000-0 0  9990
2 00009 090.0000 000.0000 0000001 000.0000 144.0000 12.41559304    90
VNULEO-0010
1 00010U 26001A   26001.50000000  .00000000  00000-0  00000-0 0  9990
2 00010 090.0000 000.0000 0000001 000.0000 162.0000 12.41559304   100
VNULEO-0011
1 00011U 26001A   26001.50000000  .00000000  00000-0  00000-0 0  9990
2 00011 090.0000 000.0000 0000001 000.0000 180.0000 12.41559304   110
VNULEO-0012
1 00012U 26001A   26001.50000000  .00000000  00000-0  00000-0 0  9990
2 00012 090.0000 000.0000 0000001 000.0000 198.0000 12.41559304   120
VNULEO-0013
1 00013U 26001A   26001.50000000  .00000000  00000-0  00000-0 0  9990
2 00013 090.0000 000.0000 0000001 000.0000 216.0000 12.41559304   130
VNULEO-0014
1 00014U 26001A   26001.50000000  .00000000  00000-0  00000-0 0  9990
2 00014 090.0000 000.0000 0000001 000.0000 234.0000 12.41559304   140
VNULEO-0015
1 00015U 26001A   26001.50000000  .00000000  00000-0  00000-0 0  9990
2 00015 090.0000 000.0000 0000001 000.0000 252.0000 12.41559304   150
VNULEO-0016
1 00016U 26001A   26001.50000000  .00000000  00000-0  00000-0 0  9990
2 00016 090.0000 000.0000 0000001 000.0000 270.0000 12.41559304   160
VNULEO-0017
1 00017U 26001A   26001.50000000  .00000000  00000-0  00000-0 0  9990
2 00017 090.0000 000.0000 0000001 000.0000 288.0000 12.41559304   170
VNULEO-0018
1 00018U 26001A   26001.50000000  .00000000  00000-0  00000-0 0  9990
2 00018 090.0000 000.0000 0000001 000.0000 306.0000 12.41559304   180
VNULEO-0019
1 00019U 26001A   26001.50000000  .00000000  00000-0  00000-0 0  9990
2 00019 090.0000 000.0000 0000001 000.0000 324.0000 12.41559304   190
VNULEO-0020
1 00020U 26001A   26001.50000000  .00000000  00000-0  00000-0 0  9990
2 00020 090.0000 000.0000 0000001 000.0000 342.0000 12.41559304   200
VNULEO-0021
1 00021U 26001A   26001.50000000  .00000000  00000-0  00000-0 0  9990
2 00021 090.0000 060.0000 0000001 000.0000 000.0000 12.41559304   210
VNULEO-0022
1 00022U 26001A   26001.50000000  .00000000  00000-0  00000-0 0  9990
2 00022 090.0000 060.0000 0000001 000.0000 018.0000 12.41559304   220
VNULEO-0023
1 00023U 26001A   26001.50000000  .00000000  00000-0  00000-0 0  9990
2 00023 090.0000 060.0000 0000001 000.0000 036.0000 12.41559304   230
VNULEO-0024
1 00024U 26001A   26001.50000000  .00000000  00000-0  00000-0 0  9990
2 00024 090.0000 060.0000 0000001 000.0000 054.0000 12.41559304   240
VNULEO-0025
1 00025U 26001A   26001.50000000  .00000000  00000-0  00000-0 0  9990
2 00025 090.0000 060.0000 0000001 000.0000 072.0000 12.41559304   250
VNULEO-0026
1 00026U 26001A   26001.50000000  .00000000  00000-0  00000-0 0  9990
2 00026 090.0000 060.0000 0000001 000.0000 090.0000 12.41559304   260
VNULEO-0027
1 00027U 26001A   26001.50000000  .00000000  00000-0  00000-0 0  9990
2 00027 090.0000 060.0000 0000001 000.0000 108.0000 12.41559304   270
VNULEO-0028
1 00028U 26001A   26001.50000000  .00000000  00000-0  00000-0 0  9990
2 00028 090.0000 060.0000 0000001 000.0000 126.0000 12.41559304   280
VNULEO-0029
1 00029U 26001A   26001.50000000  .00000000  00000-0  00000-0 0  9990
2 00029 090.0000 060.0000 0000001 000.0000 144.0000 12.41559304   290
VNULEO-0030
1 00030U 26001A   26001.50000000  .00000000  00000-0  00000-0 0  9990
2 00030 090.0000 060.0000 0000001 000.0000 162.0000 12.41559304   300
VNULEO-0031
1 00031U 26001A   26001.50000000  .00000000  00000-0  00000-0 0  9990
2 00031 090.0000 060.0000 0000001 000.0000 180.0000 12.41559304   310
VNULEO-0032
1 00032U 26001A   26001.50000000  .00000000  00000-0  00000-0 0  9990
2 00032 090.0000 060.0000 0000001 000.0000 198.0000 12.41559304   320
VNULEO-0033
1 00033U 26001A   26001.50000000  .00000000  00000-0  00000-0 0  9990
2 00033 090.0000 060.0000 0000001 000.0000 216.0000 12.41559304   330
VNULEO-0034
1 00034U 26001A   26001.50000000  .00000000  00000-0  00000-0 0  9990
2 00034 090.0000 060.0000 0000001 000.0000 234.0000 12.41559304   340
VNULEO-0035
1 00035U 26001A   26001.50000000  .00000000  00000-0  00000-0 0  9990
2 00035 090.0000 060.0000 0000001 000.0000 252.0000 12.41559304   350
VNULEO-0036
1 00036U 26001A   26001.50000000  .00000000  00000-0  00000-0 0  9990
2 00036 090.0000 060.0000 0000001 000.0000 270.0000 12.41559304   360
VNULEO-0037
1 00037U 26001A   26001.50000000  .00000000  00000-0  00000-0 0  9990
2 00037 090.0000 060.0000 0000001 000.0000 288.0000 12.41559304   370
VNULEO-0038
1 00038U 26001A   26001.50000000  .00000000  00000-0  00000-0 0  9990
2 00038 090.0000 060.0000 0000001 000.0000 306.0000 12.41559304   380
VNULEO-0039
1 00039U 26001A   26001.50000000  .00000000  00000-0  00000-0 0  9990
2 00039 090.0000 060.0000 0000001 000.0000 324.0000 12.41559304   390
VNULEO-0040
1 00040U 26001A   26001.50000000  .00000000  00000-0  00000-0 0  9990
2 00040 090.0000 060.0000 0000001 000.0000 342.0000 12.41559304   400
VNULEO-0041
1 00041U 26001A   26001.50000000  .00000000  00000-0  00000-0 0  9990
2 00041 090.0000 120.0000 0000001 000.0000 009.0000 12.41559304   410
VNULEO-0042
1 00042U 26001A   26001.50000000  .00000000  00000-0  00000-0 0  9990
2 00042 090.0000 120.0000 0000001 000.0000 027.0000 12.41559304   420
VNULEO-0043
1 00043U 26001A   26001.50000000  .00000000  00000-0  00000-0 0  9990
2 00043 090.0000 120.0000 0000001 000.0000 045.0000 12.41559304   430
VNULEO-0044
1 00044U 26001A   26001.50000000  .00000000  00000-0  00000-0 0  9990
2 00044 090.0000 120.0000 0000001 000.0000 063.0000 12.41559304   440
VNULEO-0045
1 00045U 26001A   26001.50000000  .00000000  00000-0  00000-0 0  9990
2 00045 090.0000 120.0000 0000001 000.0000 081.0000 12.41559304   450
VNULEO-0046
1 00046U 26001A   26001.50000000  .00000000  00000-0  00000-0 0  9990
2 00046 090.0000 120.0000 0000001 000.0000 099.0000 12.41559304   460
VNULEO-0047
1 00047U 26001A   26001.50000000  .00000000  00000-0  00000-0 0  9990
2 00047 090.0000 120.0000 0000001 000.0000 117.0000 12.41559304   470
VNULEO-0048
1 00048U 26001A   26001.50000000  .00000000  00000-0  00000-0 0  9990
2 00048 090.0000 120.0000 0000001 000.0000 135.0000 12.41559304   480
VNULEO-0049
1 00049U 26001A   26001.50000000  .00000000  00000-0  00000-0 0  9990
2 00049 090.0000 120.0000 0000001 000.0000 153.0000 12.41559304   490
VNULEO-0050
1 00050U 26001A   26001.50000000  .00000000  00000-0  00000-0 0  9990
2 00050 090.0000 120.0000 0000001 000.0000 171.0000 12.41559304   500
VNULEO-0051
1 00051U 26001A   26001.50000000  .00000000  00000-0  00000-0 0  9990
2 00051 090.0000 120.0000 0000001 000.0000 189.0000 12.41559304   510
VNULEO-0052
1 00052U 26001A   26001.50000000  .00000000  00000-0  00000-0 0  9990
2 00052 090.0000 120.0000 0000001 000.0000 207.0000 12.41559304   520
VNULEO-0053
1 00053U 26001A   26001.50000000  .00000000  00000-0  00000-0 0  9990
2 00053 090.0000 120.0000 0000001 000.0000 225.0000 12.41559304   530
VNULEO-0054
1 00054U 26001A   26001.50000000  .00000000  00000-0  00000-0 0  9990
2 00054 090.0000 120.0000 0000001 000.0000 243.0000 12.41559304   540
VNULEO-0055
1 00055U 26001A   26001.50000000  .00000000  00000-0  00000-0 0  9990
2 00055 090.0000 120.0000 0000001 000.0000 261.0000 12.41559304   550
VNULEO-0056
1 00056U 26001A   26001.50000000  .00000000  00000-0  00000-0 0  9990
2 00056 090.0000 120.0000 0000001 000.0000 279.0000 12.41559304   560
VNULEO-0057
1 00057U 26001A   26001.50000000  .00000000  00000-0  00000-0 0  9990
2 00057 090.0000 120.0000 0000001 000.0000 297.0000 12.41559304   570
VNULEO-0058
1 00058U 26001A   26001.50000000  .00000000  00000-0  00000-0 0  9990
2 00058 090.0000 120.0000 0000001 000.0000 315.0000 12.41559304   580
VNULEO-0059
1 00059U 26001A   26001.50000000  .00000000  00000-0  00000-0 0  9990
2 00059 090.0000 120.0000 0000001 000.0000 333.0000 12.41559304   590
VNULEO-0060
1 00060U 26001A   26001.50000000  .00000000  00000-0  00000-0 0  9990
2 00060 090.0000 120.0000 0000001 000.0000 351.0000 12.41559304   600
