VNULEO-0001
1 00001U 26001A   26001.50000000  .00000000  00000-0  00000-0 0  9990
2 00001 090.0000 000.0000 0000001 000.0000 000.0000 13.69880518    10
VNULEO-0002
1 00002U 26001A   26001.50000000  .00000000  00000-0  00000-0 0  9990
2 00002 090.0000 000.0000 0000001 000.0000 051.4286 13.69880518    20
VNULEO-0003
1 00003U 26001A   26001.50000000  .00000000  00000-0  00000-0 0  9990
2 00003 090.0000 000.0000 0000001 000.0000 102.8571 13.69880518    30
VNULEO-0004
1 00004U 26001A   26001.50000000  .00000000  00000-0  00000-0 0  9990
2 00004 090.0000 000.0000 0000001 000.0000 154.2857 13.69880518    40
VNULEO-0005
1 00005U 26001A   26001.50000000  .00000000  00000-0  00000-0 0  9990
2 00005 090.0000 000.0000 0000001 000.0000 205.7143 13.69880518    50
VNULEO-0006
1 00006U 26001A   26001.50000000  .00000000  00000-0  00000-0 0  9990
2 00006 090.0000 000.0000 0000001 000.0000 257.1429 13.69880518    60
VNULEO-0007
1 00007U 26001A   26001.50000000  .00000000  00000-0  00000-0 0  9990
2 00007 090.0000 000.0000 0000001 000.0000 308.5714 13.69880518    70
VNULEO-0008
1 00008U 26001A   26001.50000000  .00000000  00000-0  00000-0 0  9990
2 00008 090.0000 060.0000 0000001 000.0000 000.0000 13.69880518    80
VNULEO-0009
1 00009U 26001A   26001.50000000  .00000000  00000-0  00000-0 0  9990
2 00009 090.0000 060.0000 0000001 000.0000 051.4286 13.69880518    90
VNULEO-0010
1 00010U 26001A   26001.50000000  .00000000  00000-0  00000-0 0  9990
2 00010 090.0000 060.0000 0000001 000.0000 102.8571 13.69880518   100
VNULEO-0011
1 00011U 26001A   26001.50000000  .00000000  00000-0  00000-0 0  9990
2 00011 090.0000 060.0000 0000001 000.0000 154.2857 13.69880518   110
VNULEO-0012
1 00012U 26001A   26001.50000000  .00000000  00000-0  00000-0 0  9990
2 00012 090.0000 060.0000 0000001 000.0000 205.7143 13.69880518   120
VNULEO-0013
1 00013U 26001A   26001.50000000  .00000000  00000-0  00000-0 0  9990
2 00013 090.0000 060.0000 0000001 000.0000 257.1429 13.69880518   130
VNULEO-0014
1 00014U 26001A   26001.50000000  .00000000  00000-0  00000-0 0  9990
2 00014 090.0000 060.0000 0000001 000.0000 308.5714 13.69880518   140
VNULEO-0015
1 00015U 26001A   26001.50000000  .00000000  00000-0  00000-0 0  9990
2 00015 090.0000 120.0000 0000001 000.0000 025.7143 13.69880518   150
VNULEO-0016
1 00016U 26001A   26001.50000000  .00000000  00000-0  00000-0 0  9990
2 00016 090.0000 120.0000 0000001 000.0000 077.1429 13.69880518   160
VNULEO-0017
1 00017U 26001A   26001.50000000  .00000000  00000-0  00000-0 0  9990
2 00017 090.0000 120.0000 0000001 000.0000 128.5714 13.69880518   170
VNULEO-0018
1 00018U 26001A   26001.50000000  .00000000  00000-0  00000-0 0  9990
2 00018 090.0000 120.0000 0000001 000.0000 180.0000 13.69880518   180
VNULEO-0019
1 00019U 26001A   26001.50000000  .00000000  00000-0  00000-0 0  9990
2 00019 090.0000 120.0000 0000001 000.0000 231.4286 13.69880518   190
VNULEO-0020
1 00020U 26001A   26001.50000000  .00000000  00000-0  00000-0 0  9990
2 00020 090.0000 120.0000 0000001 000.0000 282.8571 13.69880518   200
VNULEO-0021
1 00021U 26001A   26001.50000000  .00000000  00000-0  00000-0 0  9990
2 00021 090.0000 120.0000 0000001 000.0000 334.2857 13.69880518   210
