VNULEO-0001
1 00001U 26001A   26001.50000000  .00000000  00000-0  00000-0 0  9990
2 00001 090.0000 000.0000 0000001 000.0000 000.0000 13.98210060    10
VNULEO-0002
1 00002U 26001A   26001.50000000  .00000000  00000-0  00000-0 0  9990
2 00002 090.0000 000.0000 0000001 000.0000 011.6129 13.98210060    20
VNULEO-0003
1 00003U 26001A   26001.50000000  .00000000  00000-0  00000-0 0  9990
2 00003 090.0000 000.0000 0000001 000.0000 023.2258 13.98210060    30
VNULEO-0004
1 00004U 26001A   26001.50000000  .00000000  00000-0  00000-0 0  9990
2 00004 090.0000 000.0000 0000001 000.0000 034.8387 13.98210060    40
VNULEO-0005
1 00005U 26001A   26001.50000000  .00000000  00000-0  00000-0 0  9990
2 00005 090.0000 000.0000 0000001 000.0000 046.4516 13.98210060    50
VNULEO-0006
1 00006U 26001A   26001.50000000  .00000000  00000-0  00000-0 0  9990
2 00006 090.0000 000.0000 0000001 000.0000 058.0645 13.98210060    60
VNULEO-0007
1 00007U 26001A   26001.50000000  .00000000  00000-0  00000-0 0  9990
2 00007 090.0000 000.0000 0000001 000.0000 069.6774 13.98210060    70
VNULEO-0008
1 00008U 26001A   26001.50000000  .00000000  00000-0  00000-0 0  9990
2 00008 090.0000 000.0000 0000001 000.0000 081.2903 13.98210060    80
VNULEO-0009
1 00009U 26001A   26001.50000000  .00000000  00000-0  00000-0 0  9990
2 00009 090.0000 000.0000 0000001 000.0000 092.9032 13.98210060    90
VNULEO-0010
1 00010U 26001A   26001.50000000  .00000000  00000-0  00000-0 0  9990
2 00010 090.0000 000.0000 0000001 000.0000 104.5161 13.98210060   100
VNULEO-0011
1 00011U 26001A   26001.50000000  .00000000  00000-0  00000-0 0  9990
2 00011 090.0000 000.0000 0000001 000.0000 116.1290 13.98210060   110
VNULEO-0012
1 00012U 26001A   26001.50000000  .00000000  00000-0  00000-0 0  9990
2 00012 090.0000 000.0000 0000001 000.0000 127.7419 13.98210060   120
VNULEO-0013
1 00013U 26001A   26001.50000000  .00000000  00000-0  00000-0 0  9990
2 00013 090.0000 000.0000 0000001 000.0000 139.3548 13.98210060   130
VNULEO-0014
1 00014U 26001A   26001.50000000  .00000000  00000-0  00000-0 0  9990
2 00014 090.0000 000.0000 0000001 000.0000 150.9677 13.98210060   140
VNULEO-0015
1 00015U 26001A   26001.50000000  .00000000  00000-0  00000-0 0  9990
2 00015 090.0000 000.0000 0000001 000.0000 162.5806 13.98210060   150
VNULEO-0016
1 00016U 26001A   26001.50000000  .00000000  00000-0  00000-0 0  9990
2 00016 090.0000 000.0000 0000001 000.0000 174.1935 13.98210060   160
VNULEO-0017
1 00017U 26001A   26001.50000000  .00000000  00000-0  00000-0 0  9990
2 00017 090.0000 000.0000 0000001 000.0000 185.8065 13.98210060   170
VNULEO-0018
1 00018U 26001A   26001.50000000  .00000000  00000-0  00000-0 0  9990
2 00018 090.0000 000.0000 0000001 000.0000 197.4194 13.98210060   180
VNULEO-0019
1 00019U 26001A   26001.50000000  .00000000  00000-0  00000-0 0  9990
2 00019 090.0000 000.0000 0000001 000.0000 209.0323 13.98210060   190
VNULEO-0020
1 00020U 26001A   26001.50000000  .00000000  00000-0  00000-0 0  9990
2 00020 090.0000 000.0000 0000001 000.0000 220.6452 13.98210060   200
VNULEO-0021
1 00021U 26001A   26001.50000000  .00000000  00000-0  00000-0 0  9990
2 00021 090.0000 000.0000 0000001 000.0000 232.2581 13.98210060   210
VNULEO-0022
1 00022U 26001A   26001.50000000  .00000000  00000-0  00000-0 0  9990
2 00022 090.0000 000.0000 0000001 000.0000 243.8710 13.98210060   220
VNULEO-0023
1 00023U 26001A   26001.50000000  .00000000  00000-0  00000-0 0  9990
2 00023 090.0000 000.0000 0000001 000.0000 255.4839 13.98210060   230
VNULEO-0024
1 00024U 26001A   26001.50000000  .00000000  00000-0  00000-0 0  9990
2 00024 090.0000 000.0000 0000001 000.0000 267.0968 13.98210060   240
VNULEO-0025
1 00025U 26001A   26001.50000000  .00000000  00000-0  00000-0 0  9990
2 00025 090.0000 000.0000 0000001 000.0000 278.7097 13.98210060   250
VNULEO-0026
1 00026U 26001A   26001.50000000  .00000000  00000-0  00000-0 0  9990
2 00026 090.0000 000.0000 0000001 000.0000 290.3226 13.98210060   260
VNULEO-0027
1 00027U 26001A   26001.50000000  .00000000  00000-0  00000-0 0  9990
2 00027 090.0000 000.0000 0000001 000.0000 301.9355 13.98210060   270
VNULEO-0028
1 00028U 26001A   26001.50000000  .00000000  00000-0  00000-0 0  9990
2 00028 090.0000 000.0000 0000001 000.0000 313.5484 13.98210060   280
VNULEO-0029
1 00029U 26001A   26001.50000000  .00000000  00000-0  00000-0 0  9990
2 00029 090.0000 000.0000 0000001 000.0000 325.1613 13.98210060   290
VNULEO-0030
1 00030U 26001A   26001.50000000  .00000000  00000-0  00000-0 0  9990
2 00030 090.0000 000.0000 0000001 000.0000 336.7742 13.98210060   300
VNULEO-0031
1 00031U 26001A   26001.50000000  .00000000  00000-0  00000-0 0  9990
2 00031 090.0000 000.0000 0000001 000.0000 348.3871 13.98210060   310
VNULEO-0032
1 00032U 26001A   26001.50000000  .00000000  00000-0  00000-0 0  9990
2 00032 090.0000 016.3636 0000001 000.0000 000.0000 13.98210060   320
VNULEO-0033
1 00033U 26001A   26001.50000000  .00000000  00000-0  00000-0 0  9990
2 00033 090.0000 016.3636 0000001 000.0000 011.6129 13.98210060   330
VNULEO-0034
1 00034U 26001A   26001.50000000  .00000000  00000-0  00000-0 0  9990
2 00034 090.0000 016.3636 0000001 000.0000 023.2258 13.98210060   340
VNULEO-0035
1 00035U 26001A   26001.50000000  .00000000  00000-0  00000-0 0  9990
2 00035 090.0000 016.3636 0000001 000.0000 034.8387 13.98210060   350
VNULEO-0036
1 00036U 26001A   26001.50000000  .00000000  00000-0  00000-0 0  9990
2 00036 090.0000 016.3636 0000001 000.0000 046.4516 13.98210060   360
VNULEO-0037
1 00037U 26001A   26001.50000000  .00000000  00000-0  00000-0 0  9990
2 00037 090.0000 016.3636 0000001 000.0000 058.0645 13.98210060   370
VNULEO-0038
1 00038U 26001A   26001.50000000  .00000000  00000-0  00000-0 0  9990
2 00038 090.0000 016.3636 0000001 000.0000 069.6774 13.98210060   380
VNULEO-0039
1 00039U 26001A   26001.50000000  .00000000  00000-0  00000-0 0  9990
2 00039 090.0000 016.3636 0000001 000.0000 081.2903 13.98210060   390
VNULEO-0040
1 00040U 26001A   26001.50000000  .00000000  00000-0  00000-0 0  9990
2 00040 090.0000 016.3636 0000001 000.0000 092.9032 13.98210060   400
VNULEO-0041
1 00041U 26001A   26001.50000000  .00000000  00000-0  00000-0 0  9990
2 00041 090.0000 016.3636 0000001 000.0000 104.5161 13.98210060   410
VNULEO-0042
1 00042U 26001A   26001.50000000  .00000000  00000-0  00000-0 0  9990
2 00042 090.0000 016.3636 0000001 000.0000 116.1290 13.98210060   420
VNULEO-0043
1 00043U 26001A   26001.50000000  .00000000  00000-0  00000-0 0  9990
2 00043 090.0000 016.3636 0000001 000.0000 127.7419 13.98210060   430
VNULEO-0044
1 00044U 26001A   26001.50000000  .00000000  00000-0  00000-0 0  9990
2 00044 090.0000 016.3636 0000001 000.0000 139.3548 13.98210060   440
VNULEO-0045
1 00045U 26001A   26001.50000000  .00000000  00000-0  00000-0 0  9990
2 00045 090.0000 016.3636 0000001 000.0000 150.9677 13.98210060   450
VNULEO-0046
1 00046U 26001A   26001.50000000  .00000000  00000-0  00000-0 0  9990
2 00046 090.0000 016.3636 0000001 000.0000 162.5806 13.98210060   460
VNULEO-0047
1 00047U 26001A   26001.50000000  .00000000  00000-0  00000-0 0  9990
2 00047 090.0000 016.3636 0000001 000.0000 174.1935 13.98210060   470
VNULEO-0048
1 00048U 26001A   26001.50000000  .00000000  00000-0  00000-0 0  9990
2 00048 090.0000 016.3636 0000001 000.0000 185.8065 13.98210060   480
VNULEO-0049
1 00049U 26001A   26001.50000000  .00000000  00000-0  00000-0 0  9990
2 00049 090.0000 016.3636 0000001 000.0000 197.4194 13.98210060   490
VNULEO-0050
1 00050U 26001A   26001.50000000  .00000000  00000-0  00000-0 0  9990
2 00050 090.0000 016.3636 0000001 000.0000 209.0323 13.98210060   500
VNULEO-0051
1 00051U 26001A   26001.50000000  .00000000  00000-0  00000-0 0  9990
2 00051 090.0000 016.3636 0000001 000.0000 220.6452 13.98210060   510
VNULEO-0052
1 00052U 26001A   26001.50000000  .00000000  00000-0  00000-0 0  9990
2 00052 090.0000 016.3636 0000001 000.0000 232.2581 13.98210060   520
VNULEO-0053
1 00053U 26001A   26001.50000000  .00000000  00000-0  00000-0 0  9990
2 00053 090.0000 016.3636 0000001 000.0000 243.8710 13.98210060   530
VNULEO-0054
1 00054U 26001A   26001.50000000  .00000000  00000-0  00000-0 0  9990
2 00054 090.0000 016.3636 0000001 000.0000 255.4839 13.98210060   540
VNULEO-0055
1 00055U 26001A   26001.50000000  .00000000  00000-0  00000-0 0  9990
2 00055 090.0000 016.3636 0000001 000.0000 267.0968 13.98210060   550
VNULEO-0056
1 00056U 26001A   26001.50000000  .00000000  00000-0  00000-0 0  9990
2 00056 090.0000 016.3636 0000001 000.0000 278.7097 13.98210060   560
VNULEO-0057
1 00057U 26001A   26001.50000000  .00000000  00000-0  00000-0 0  9990
2 00057 090.0000 016.3636 0000001 000.0000 290.3226 13.98210060   570
VNULEO-0058
1 00058U 26001A   26001.50000000  .00000000  00000-0  00000-0 0  9990
2 00058 090.0000 016.3636 0000001 000.0000 301.9355 13.98210060   580
VNULEO-0059
1 00059U 26001A   26001.50000000  .00000000  00000-0  00000-0 0  9990
2 00059 090.0000 016.3636 0000001 000.0000 313.5484 13.98210060   590
VNULEO-0060
1 00060U 26001A   26001.50000000  .00000000  00000-0  00000-0 0  9990
2 00060 090.0000 016.3636 0000001 000.0000 325.1613 13.98210060   600
VNULEO-0061
1 00061U 26001A   26001.50000000  .00000000  00000-0  00000-0 0  9990
2 00061 090.0000 016.3636 0000001 000.0000 336.7742 13.98210060   610
VNULEO-0062
1 00062U 26001A   26001.50000000  .00000000  00000-0  00000-0 0  9990
2 00062 090.0000 016.3636 0000001 000.0000 348.3871 13.98210060   620
VNULEO-0063
1 00063U 26001A   26001.50000000  .00000000  00000-0  00000-0 0  9990
2 00063 090.0000 032.7273 0000001 000.0000 000.0000 13.98210060   630
VNULEO-0064
1 00064U 26001A   26001.50000000  .00000000  00000-0  00000-0 0  9990
2 00064 090.0000 032.7273 0000001 000.0000 011.6129 13.98210060   640
VNULEO-0065
1 00065U 26001A   26001.50000000  .00000000  00000-0  00000-0 0  9990
2 00065 090.0000 032.7273 0000001 000.0000 023.2258 13.98210060   650
VNULEO-0066
1 00066U 26001A   26001.50000000  .00000000  00000-0  00000-0 0  9990
2 00066 090.0000 032.7273 0000001 000.0000 034.8387 13.98210060   660
VNULEO-0067
1 00067U 26001A   26001.50000000  .00000000  00000-0  00000-0 0  9990
2 00067 090.0000 032.7273 0000001 000.0000 046.4516 13.98210060   670
VNULEO-0068
1 00068U 26001A   26001.50000000  .00000000  00000-0  00000-0 0  9990
2 00068 090.0000 032.7273 0000001 000.0000 058.0645 13.98210060   680
VNULEO-0069
1 00069U 26001A   26001.50000000  .00000000  00000-0  00000-0 0  9990
2 00069 090.0000 032.7273 0000001 000.0000 069.6774 13.98210060   690
VNULEO-0070
1 00070U 26001A   26001.50000000  .00000000  00000-0  00000-0 0  9990
2 00070 090.0000 032.7273 0000001 000.0000 081.2903 13.98210060   700
VNULEO-0071
1 00071U 26001A   26001.50000000  .00000000  00000-0  00000-0 0  9990
2 00071 090.0000 032.7273 0000001 000.0000 092.9032 13.98210060   710
VNULEO-0072
1 00072U 26001A   26001.50000000  .00000000  00000-0  00000-0 0  9990
2 00072 090.0000 032.7273 0000001 000.0000 104.5161 13.98210060   720
VNULEO-0073
1 00073U 26001A   26001.50000000  .00000000  00000-0  00000-0 0  9990
2 00073 090.0000 032.7273 0000001 000.0000 116.1290 13.98210060   730
VNULEO-0074
1 00074U 26001A   26001.50000000  .00000000  00000-0  00000-0 0  9990
2 00074 090.0000 032.7273 0000001 000.0000 127.7419 13.98210060   740
VNULEO-0075
1 00075U 26001A   26001.50000000  .00000000  00000-0  00000-0 0  9990
2 00075 090.0000 032.7273 0000001 000.0000 139.3548 13.98210060   750
VNULEO-0076
1 00076U 26001A   26001.50000000  .00000000  00000-0  00000-0 0  9990
2 00076 090.0000 032.7273 0000001 000.0000 150.9677 13.98210060   760
VNULEO-0077
1 00077U 26001A   26001.50000000  .00000000  00000-0  00000-0 0  9990
2 00077 090.0000 032.7273 0000001 000.0000 162.5806 13.98210060   770
VNULEO-0078
1 00078U 26001A   26001.50000000  .00000000  00000-0  00000-0 0  9990
2 00078 090.0000 032.7273 0000001 000.0000 174.1935 13.98210060   780
VNULEO-0079
1 00079U 26001A   26001.50000000  .00000000  00000-0  00000-0 0  9990
2 00079 090.0000 032.7273 0000001 000.0000 185.8065 13.98210060   790
VNULEO-0080
1 00080U 26001A   26001.50000000  .00000000  00000-0  00000-0 0  9990
2 00080 090.0000 032.7273 0000001 000.0000 197.4194 13.98210060   800
VNULEO-0081
1 00081U 26001A   26001.50000000  .00000000  00000-0  00000-0 0  9990
2 00081 090.0000 032.7273 0000001 000.0000 209.0323 13.98210060   810
VNULEO-0082
1 00082U 26001A   26001.50000000  .00000000  00000-0  00000-0 0  9990
2 00082 090.0000 032.7273 0000001 000.0000 220.6452 13.98210060   820
VNULEO-0083
1 00083U 26001A   26001.50000000  .00000000  00000-0  00000-0 0  9990
2 00083 090.0000 032.7273 0000001 000.0000 232.2581 13.98210060   830
VNULEO-0084
1 00084U 26001A   26001.50000000  .00000000  00000-0  00000-0 0  9990
2 00084 090.0000 032.7273 0000001 000.0000 243.8710 13.98210060   840
VNULEO-0085
1 00085U 26001A   26001.50000000  .00000000  00000-0  00000-0 0  9990
2 00085 090.0000 032.7273 0000001 000.0000 255.4839 13.98210060   850
VNULEO-0086
1 00086U 26001A   26001.50000000  .00000000  00000-0  00000-0 0  9990
2 00086 090.0000 032.7273 0000001 000.0000 267.0968 13.98210060   860
VNULEO-0087
1 00087U 26001A   26001.50000000  .00000000  00000-0  00000-0 0  9990
2 00087 090.0000 032.7273 0000001 000.0000 278.7097 13.98210060   870
VNULEO-0088
1 00088U 26001A   26001.50000000  .00000000  00000-0  00000-0 0  9990
2 00088 090.0000 032.7273 0000001 000.0000 290.3226 13.98210060   880
VNULEO-0089
1 00089U 26001A   26001.50000000  .00000000  00000-0  00000-0 0  9990
2 00089 090.0000 032.7273 0000001 000.0000 301.9355 13.98210060   890
VNULEO-0090
1 00090U 26001A   26001.50000000  .00000000  00000-0  00000-0 0  9990
2 00090 090.0000 032.7273 0000001 000.0000 313.5484 13.98210060   900
VNULEO-0091
1 00091U 26001A   26001.50000000  .00000000  00000-0  00000-0 0  9990
2 00091 090.0000 032.7273 0000001 000.0000 325.1613 13.98210060   910
VNULEO-0092
1 00092U 26001A   26001.50000000  .00000000  00000-0  00000-0 0  9990
2 00092 090.0000 032.7273 0000001 000.0000 336.7742 13.98210060   920
VNULEO-0093
1 00093U 26001A   26001.50000000  .00000000  00000-0  00000-0 0  9990
2 00093 090.0000 032.7273 0000001 000.0000 348.3871 13.98210060   930
VNULEO-0094
1 00094U 26001A   26001.50000000  .00000000  00000-0  00000-0 0  9990
2 00094 090.0000 049.0909 0000001 000.0000 000.0000 13.98210060   940
VNULEO-0095
1 00095U 26001A   26001.50000000  .00000000  00000-0  00000-0 0  9990
2 00095 090.0000 049.0909 0000001 000.0000 011.6129 13.98210060   950
VNULEO-0096
1 00096U 26001A   26001.50000000  .00000000  00000-0  00000-0 0  9990
2 00096 090.0000 049.0909 0000001 000.0000 023.2258 13.98210060   960
VNULEO-0097
1 00097U 26001A   26001.50000000  .00000000  00000-0  00000-0 0  9990
2 00097 090.0000 049.0909 0000001 000.0000 034.8387 13.98210060   970
VNULEO-0098
1 00098U 26001A   26001.50000000  .00000000  00000-0  00000-0 0  9990
2 00098 090.0000 049.0909 0000001 000.0000 046.4516 13.98210060   980
VNULEO-0099
1 00099U 26001A   26001.50000000  .00000000  00000-0  00000-0 0  9990
2 00099 090.0000 049.0909 0000001 000.0000 058.0645 13.98210060   990
VNULEO-0100
1 00100U 26001A   26001.50000000  .00000000  00000-0  00000-0 0  9990
2 00100 090.0000 049.0909 0000001 000.0000 069.6774 13.98210060  1000
VNULEO-0101
1 00101U 26001A   26001.50000000  .00000000  00000-0  00000-0 0  9990
2 00101 090.0000 049.0909 0000001 000.0000 081.2903 13.98210060  1010
VNULEO-0102
1 00102U 26001A   26001.50000000  .00000000  00000-0  00000-0 0  9990
2 00102 090.0000 049.0909 0000001 000.0000 092.9032 13.98210060  1020
VNULEO-0103
1 00103U 26001A   26001.50000000  .00000000  00000-0  00000-0 0  9990
2 00103 090.0000 049.0909 0000001 000.0000 104.5161 13.98210060  1030
VNULEO-0104
1 00104U 26001A   26001.50000000  .00000000  00000-0  00000-0 0  9990
2 00104 090.0000 049.0909 0000001 000.0000 116.1290 13.98210060  1040
VNULEO-0105
1 00105U 26001A   26001.50000000  .00000000  00000-0  00000-0 0  9990
2 00105 090.0000 049.0909 0000001 000.0000 127.7419 13.98210060  1050
VNULEO-0106
1 00106U 26001A   26001.50000000  .00000000  00000-0  00000-0 0  9990
2 00106 090.0000 049.0909 0000001 000.0000 139.3548 13.98210060  1060
VNULEO-0107
1 00107U 26001A   26001.50000000  .00000000  00000-0  00000-0 0  9990
2 00107 090.0000 049.0909 0000001 000.0000 150.9677 13.98210060  1070
VNULEO-0108
1 00108U 26001A   26001.50000000  .00000000  00000-0  00000-0 0  9990
2 00108 090.0000 049.0909 0000001 000.0000 162.5806 13.98210060  1080
VNULEO-0109
1 00109U 26001A   26001.50000000  .00000000  00000-0  00000-0 0  9990
2 00109 090.0000 049.0909 0000001 000.0000 174.1935 13.98210060  1090
VNULEO-0110
1 00110U 26001A   26001.50000000  .00000000  00000-0  00000-0 0  9990
2 00110 090.0000 049.0909 0000001 000.0000 185.8065 13.98210060  1100
VNULEO-0111
1 00111U 26001A   26001.50000000  .00000000  00000-0  00000-0 0  9990
2 00111 090.0000 049.0909 0000001 000.0000 197.4194 13.98210060  1110
VNULEO-0112
1 00112U 26001A   26001.50000000  .00000000  00000-0  00000-0 0  9990
2 00112 090.0000 049.0909 0000001 000.0000 209.0323 13.98210060  1120
VNULEO-0113
1 00113U 26001A   26001.50000000  .00000000  00000-0  00000-0 0  9990
2 00113 090.0000 049.0909 0000001 000.0000 220.6452 13.98210060  1130
VNULEO-0114
1 00114U 26001A   26001.50000000  .00000000  00000-0  00000-0 0  9990
2 00114 090.0000 049.0909 0000001 000.0000 232.2581 13.98210060  1140
VNULEO-0115
1 00115U 26001A   26001.50000000  .00000000  00000-0  00000-0 0  9990
2 00115 090.0000 049.0909 0000001 000.0000 243.8710 13.98210060  1150
VNULEO-0116
1 00116U 26001A   26001.50000000  .00000000  00000-0  00000-0 0  9990
2 00116 090.0000 049.0909 0000001 000.0000 255.4839 13.98210060  1160
VNULEO-0117
1 00117U 26001A   26001.50000000  .00000000  00000-0  00000-0 0  9990
2 00117 090.0000 049.0909 0000001 000.0000 267.0968 13.98210060  1170
VNULEO-0118
1 00118U 26001A   26001.50000000  .00000000  00000-0  00000-0 0  9990
2 00118 090.0000 049.0909 0000001 000.0000 278.7097 13.98210060  1180
VNULEO-0119
1 00119U 26001A   26001.50000000  .00000000  00000-0  00000-0 0  9990
2 00119 090.0000 049.0909 0000001 000.0000 290.3226 13.98210060  1190
VNULEO-0120
1 00120U 26001A   26001.50000000  .00000000  00000-0  00000-0 0  9990
2 00120 090.0000 049.0909 0000001 000.0000 301.9355 13.98210060  1200
VNULEO-0121
1 00121U 26001A   26001.50000000  .00000000  00000-0  00000-0 0  9990
2 00121 090.0000 049.0909 0000001 000.0000 313.5484 13.98210060  1210
VNULEO-0122
1 00122U 26001A   26001.50000000  .00000000  00000-0  00000-0 0  9990
2 00122 090.0000 049.0909 0000001 000.0000 325.1613 13.98210060  1220
VNULEO-0123
1 00123U 26001A   26001.50000000  .00000000  00000-0  00000-0 0  9990
2 00123 090.0000 049.0909 0000001 000.0000 336.7742 13.98210060  1230
VNULEO-0124
1 00124U 26001A   26001.50000000  .00000000  00000-0  00000-0 0  9990
2 00124 090.0000 049.0909 0000001 000.0000 348.3871 13.98210060  1240
VNULEO-0125
1 00125U 26001A   26001.50000000  .00000000  00000-0  00000-0 0  9990
2 00125 090.0000 065.4545 0000001 000.0000 000.0000 13.98210060  1250
VNULEO-0126
1 00126U 26001A   26001.50000000  .00000000  00000-0  00000-0 0  9990
2 00126 090.0000 065.4545 0000001 000.0000 011.6129 13.98210060  1260
VNULEO-0127
1 00127U 26001A   26001.50000000  .00000000  00000-0  00000-0 0  9990
2 00127 090.0000 065.4545 0000001 000.0000 023.2258 13.98210060  1270
VNULEO-0128
1 00128U 26001A   26001.50000000  .00000000  00000-0  00000-0 0  9990
2 00128 090.0000 065.4545 0000001 000.0000 034.8387 13.98210060  1280
VNULEO-0129
1 00129U 26001A   26001.50000000  .00000000  00000-0  00000-0 0  9990
2 00129 090.0000 065.4545 0000001 000.0000 046.4516 13.98210060  1290
VNULEO-0130
1 00130U 26001A   26001.50000000  .00000000  00000-0  00000-0 0  9990
2 00130 090.0000 065.4545 0000001 000.0000 058.0645 13.98210060  1300
VNULEO-0131
1 00131U 26001A   26001.50000000  .00000000  00000-0  00000-0 0  9990
2 00131 090.0000 065.4545 0000001 000.0000 069.6774 13.98210060  1310
VNULEO-0132
1 00132U 26001A   26001.50000000  .00000000  00000-0  00000-0 0  9990
2 00132 090.0000 065.4545 0000001 000.0000 081.2903 13.98210060  1320
VNULEO-0133
1 00133U 26001A   26001.50000000  .00000000  00000-0  00000-0 0  9990
2 00133 090.0000 065.4545 0000001 000.0000 092.9032 13.98210060  1330
VNULEO-0134
1 00134U 26001A   26001.50000000  .00000000  00000-0  00000-0 0  9990
2 00134 090.0000 065.4545 0000001 000.0000 104.5161 13.98210060  1340
VNULEO-0135
1 00135U 26001A   26001.50000000  .00000000  00000-0  00000-0 0  9990
2 00135 090.0000 065.4545 0000001 000.0000 116.1290 13.98210060  1350
VNULEO-0136
1 00136U 26001A   26001.50000000  .00000000  00000-0  00000-0 0  9990
2 00136 090.0000 065.4545 0000001 000.0000 127.7419 13.98210060  1360
VNULEO-0137
1 00137U 26001A   26001.50000000  .00000000  00000-0  00000-0 0  9990
2 00137 090.0000 065.4545 0000001 000.0000 139.3548 13.98210060  1370
VNULEO-0138
1 00138U 26001A   26001.50000000  .00000000  00000-0  00000-0 0  9990
2 00138 090.0000 065.4545 0000001 000.0000 150.9677 13.98210060  1380
VNULEO-0139
1 00139U 26001A   26001.50000000  .00000000  00000-0  00000-0 0  9990
2 00139 090.0000 065.4545 0000001 000.0000 162.5806 13.98210060  1390
VNULEO-0140
1 00140U 26001A   26001.50000000  .00000000  00000-0  00000-0 0  9990
2 00140 090.0000 065.4545 0000001 000.0000 174.1935 13.98210060  1400
VNULEO-0141
1 00141U 26001A   26001.50000000  .00000000  00000-0  00000-0 0  9990
2 00141 090.0000 065.4545 0000001 000.0000 185.8065 13.98210060  1410
VNULEO-0142
1 00142U 26001A   26001.50000000  .00000000  00000-0  00000-0 0  9990
2 00142 090.0000 065.4545 0000001 000.0000 197.4194 13.98210060  1420
VNULEO-0143
1 00143U 26001A   26001.50000000  .00000000  00000-0  00000-0 0  9990
2 00143 090.0000 065.4545 0000001 000.0000 209.0323 13.98210060  1430
VNULEO-0144
1 00144U 26001A   26001.50000000  .00000000  00000-0  00000-0 0  9990
2 00144 090.0000 065.4545 0000001 000.0000 220.6452 13.98210060  1440
VNULEO-0145
1 00145U 26001A   26001.50000000  .00000000  00000-0  00000-0 0  9990
2 00145 090.0000 065.4545 0000001 000.0000 232.2581 13.98210060  1450
VNULEO-0146
1 00146U 26001A   26001.50000000  .00000000  00000-0  00000-0 0  9990
2 00146 090.0000 065.4545 0000001 000.0000 243.8710 13.98210060  1460
VNULEO-0147
1 00147U 26001A   26001.50000000  .00000000  00000-0  00000-0 0  9990
2 00147 090.0000 065.4545 0000001 000.0000 255.4839 13.98210060  1470
VNULEO-0148
1 00148U 26001A   26001.50000000  .00000000  00000-0  00000-0 0  9990
2 00148 090.0000 065.4545 0000001 000.0000 267.0968 13.98210060  1480
VNULEO-0149
1 00149U 26001A   26001.50000000  .00000000  00000-0  00000-0 0  9990
2 00149 090.0000 065.4545 0000001 000.0000 278.7097 13.98210060  1490
VNULEO-0150
1 00150U 26001A   26001.50000000  .00000000  00000-0  00000-0 0  9990
2 00150 090.0000 065.4545 0000001 000.0000 290.3226 13.98210060  1500
VNULEO-0151
1 00151U 26001A   26001.50000000  .00000000  00000-0  00000-0 0  9990
2 00151 090.0000 065.4545 0000001 000.0000 301.9355 13.98210060  1510
VNULEO-0152
1 00152U 26001A   26001.50000000  .00000000  00000-0  00000-0 0  9990
2 00152 090.0000 065.4545 0000001 000.0000 313.5484 13.98210060  1520
VNULEO-0153
1 00153U 26001A   26001.50000000  .00000000  00000-0  00000-0 0  9990
2 00153 090.0000 065.4545 0000001 000.0000 325.1613 13.98210060  1530
VNULEO-0154
1 00154U 26001A   26001.50000000  .00000000  00000-0  00000-0 0  9990
2 00154 090.0000 065.4545 0000001 000.0000 336.7742 13.98210060  1540
VNULEO-0155
1 00155U 26001A   26001.50000000  .00000000  00000-0  00000-0 0  9990
2 00155 090.0000 065.4545 0000001 000.0000 348.3871 13.98210060  1550
VNULEO-0156
1 00156U 26001A   26001.50000000  .00000000  00000-0  00000-0 0  9990
2 00156 090.0000 081.8182 0000001 000.0000 000.0000 13.98210060  1560
VNULEO-0157
1 00157U 26001A   26001.50000000  .00000000  00000-0  00000-0 0  9990
2 00157 090.0000 081.8182 0000001 000.0000 011.6129 13.98210060  1570
VNULEO-0158
1 00158U 26001A   26001.50000000  .00000000  00000-0  00000-0 0  9990
2 00158 090.0000 081.8182 0000001 000.0000 023.2258 13.98210060  1580
VNULEO-0159
1 00159U 26001A   26001.50000000  .00000000  00000-0  00000-0 0  9990
2 00159 090.0000 081.8182 0000001 000.0000 034.8387 13.98210060  1590
VNULEO-0160
1 00160U 26001A   26001.50000000  .00000000  00000-0  00000-0 0  9990
2 00160 090.0000 081.8182 0000001 000.0000 046.4516 13.98210060  1600
VNULEO-0161
1 00161U 26001A   26001.50000000  .00000000  00000-0  00000-0 0  9990
2 00161 090.0000 081.8182 0000001 000.0000 058.0645 13.98210060  1610
VNULEO-0162
1 00162U 26001A   26001.50000000  .00000000  00000-0  00000-0 0  9990
2 00162 090.0000 081.8182 0000001 000.0000 069.6774 13.98210060  1620
VNULEO-0163
1 00163U 26001A   26001.50000000  .00000000  00000-0  00000-0 0  9990
2 00163 090.0000 081.8182 0000001 000.0000 081.2903 13.98210060  1630
VNULEO-0164
1 00164U 26001A   26001.50000000  .00000000  00000-0  00000-0 0  9990
2 00164 090.0000 081.8182 0000001 000.0000 092.9032 13.98210060  1640
VNULEO-0165
1 00165U 26001A   26001.50000000  .00000000  00000-0  00000-0 0  9990
2 00165 090.0000 081.8182 0000001 000.0000 104.5161 13.98210060  1650
VNULEO-0166
1 00166U 26001A   26001.50000000  .00000000  00000-0  00000-0 0  9990
2 00166 090.0000 081.8182 0000001 000.0000 116.1290 13.98210060  1660
VNULEO-0167
1 00167U 26001A   26001.50000000  .00000000  00000-0  00000-0 0  9990
2 00167 090.0000 081.8182 0000001 000.0000 127.7419 13.98210060  1670
VNULEO-0168
1 00168U 26001A   26001.50000000  .00000000  00000-0  00000-0 0  9990
2 00168 090.0000 081.8182 0000001 000.0000 139.3548 13.98210060  1680
VNULEO-0169
1 00169U 26001A   26001.50000000  .00000000  00000-0  00000-0 0  9990
2 00169 090.0000 081.8182 0000001 000.0000 150.9677 13.98210060  1690
VNULEO-0170
1 00170U 26001A   26001.50000000  .00000000  00000-0  00000-0 0  9990
2 00170 090.0000 081.8182 0000001 000.0000 162.5806 13.98210060  1700
VNULEO-0171
1 00171U 26001A   26001.50000000  .00000000  00000-0  00000-0 0  9990
2 00171 090.0000 081.8182 0000001 000.0000 174.1935 13.98210060  1710
VNULEO-0172
1 00172U 26001A   26001.50000000  .00000000  00000-0  00000-0 0  9990
2 00172 090.0000 081.8182 0000001 000.0000 185.8065 13.98210060  1720
VNULEO-0173
1 00173U 26001A   26001.50000000  .00000000  00000-0  00000-0 0  9990
2 00173 090.0000 081.8182 0000001 000.0000 197.4194 13.98210060  1730
VNULEO-0174
1 00174U 26001A   26001.50000000  .00000000  00000-0  00000-0 0  9990
2 00174 090.0000 081.8182 0000001 000.0000 209.0323 13.98210060  1740
VNULEO-0175
1 00175U 26001A   26001.50000000  .00000000  00000-0  00000-0 0  9990
2 00175 090.0000 081.8182 0000001 000.0000 220.6452 13.98210060  1750
VNULEO-0176
1 00176U 26001A   26001.50000000  .00000000  00000-0  00000-0 0  9990
2 00176 090.0000 081.8182 0000001 000.0000 232.2581 13.98210060  1760
VNULEO-0177
1 00177U 26001A   26001.50000000  .00000000  00000-0  00000-0 0  9990
2 00177 090.0000 081.8182 0000001 000.0000 243.8710 13.98210060  1770
VNULEO-0178
1 00178U 26001A   26001.50000000  .00000000  00000-0  00000-0 0  9990
2 00178 090.0000 081.8182 0000001 000.0000 255.4839 13.98210060  1780
VNULEO-0179
1 00179U 26001A   26001.50000000  .00000000  00000-0  00000-0 0  9990
2 00179 090.0000 081.8182 0000001 000.0000 267.0968 13.98210060  1790
VNULEO-0180
1 00180U 26001A   26001.50000000  .00000000  00000-0  00000-0 0  9990
2 00180 090.0000 081.8182 0000001 000.0000 278.7097 13.98210060  1800
VNULEO-0181
1 00181U 26001A   26001.50000000  .00000000  00000-0  00000-0 0  9990
2 00181 090.0000 081.8182 0000001 000.0000 290.3226 13.98210060  1810
VNULEO-0182
1 00182U 26001A   26001.50000000  .00000000  00000-0  00000-0 0  9990
2 00182 090.0000 081.8182 0000001 000.0000 301.9355 13.98210060  1820
VNULEO-0183
1 00183U 26001A   26001.50000000  .00000000  00000-0  00000-0 0  9990
2 00183 090.0000 081.8182 0000001 000.0000 313.5484 13.98210060  1830
VNULEO-0184
1 00184U 26001A   26001.50000000  .00000000  00000-0  00000-0 0  9990
2 00184 090.0000 081.8182 0000001 000.0000 325.1613 13.98210060  1840
VNULEO-0185
1 00185U 26001A   26001.50000000  .00000000  00000-0  00000-0 0  9990
2 00185 090.0000 081.8182 0000001 000.0000 336.7742 13.98210060  1850
VNULEO-0186
1 00186U 26001A   26001.50000000  .00000000  00000-0  00000-0 0  9990
2 00186 090.0000 081.8182 0000001 000.0000 348.3871 13.98210060  1860
VNULEO-0187
1 00187U 26001A   26001.50000000  .00000000  00000-0  00000-0 0  9990
2 00187 090.0000 098.1818 0000001 000.0000 000.0000 13.98210060  1870
VNULEO-0188
1 00188U 26001A   26001.50000000  .00000000  00000-0  00000-0 0  9990
2 00188 090.0000 098.1818 0000001 000.0000 011.6129 13.98210060  1880
VNULEO-0189
1 00189U 26001A   26001.50000000  .00000000  00000-0  00000-0 0  9990
2 00189 090.0000 098.1818 0000001 000.0000 023.2258 13.98210060  1890
VNULEO-0190
1 00190U 26001A   26001.50000000  .00000000  00000-0  00000-0 0  9990
2 00190 090.0000 098.1818 0000001 000.0000 034.8387 13.98210060  1900
VNULEO-0191
1 00191U 26001A   26001.50000000  .00000000  00000-0  00000-0 0  9990
2 00191 090.0000 098.1818 0000001 000.0000 046.4516 13.98210060  1910
VNULEO-0192
1 00192U 26001A   26001.50000000  .00000000  00000-0  00000-0 0  9990
2 00192 090.0000 098.1818 0000001 000.0000 058.0645 13.98210060  1920
VNULEO-0193
1 00193U 26001A   26001.50000000  .00000000  00000-0  00000-0 0  9990
2 00193 090.0000 098.1818 0000001 000.0000 069.6774 13.98210060  1930
VNULEO-0194
1 00194U 26001A   26001.50000000  .00000000  00000-0  00000-0 0  9990
2 00194 090.0000 098.1818 0000001 000.0000 081.2903 13.98210060  1940
VNULEO-0195
1 00195U 26001A   26001.50000000  .00000000  00000-0  00000-0 0  9990
2 00195 090.0000 098.1818 0000001 000.0000 092.9032 13.98210060  1950
VNULEO-0196
1 00196U 26001A   26001.50000000  .00000000  00000-0  00000-0 0  9990
2 00196 090.0000 098.1818 0000001 000.0000 104.5161 13.98210060  1960
VNULEO-0197
1 00197U 26001A   26001.50000000  .00000000  00000-0  00000-0 0  9990
2 00197 090.0000 098.1818 0000001 000.0000 116.1290 13.98210060  1970
VNULEO-0198
1 00198U 26001A   26001.50000000  .00000000  00000-0  00000-0 0  9990
2 00198 090.0000 098.1818 0000001 000.0000 127.7419 13.98210060  1980
VNULEO-0199
1 00199U 26001A   26001.50000000  .00000000  00000-0  00000-0 0  9990
2 00199 090.0000 098.1818 0000001 000.0000 139.3548 13.98210060  1990
VNULEO-0200
1 00200U 26001A   26001.50000000  .00000000  00000-0  00000-0 0  9990
2 00200 090.0000 098.1818 0000001 000.0000 150.9677 13.98210060  2000
VNULEO-0201
1 00201U 26001A   26001.50000000  .00000000  00000-0  00000-0 0  9990
2 00201 090.0000 098.1818 0000001 000.0000 162.5806 13.98210060  2010
VNULEO-0202
1 00202U 26001A   26001.50000000  .00000000  00000-0  00000-0 0  9990
2 00202 090.0000 098.1818 0000001 000.0000 174.1935 13.98210060  2020
VNULEO-0203
1 00203U 26001A   26001.50000000  .00000000  00000-0  00000-0 0  9990
2 00203 090.0000 098.1818 0000001 000.0000 185.8065 13.98210060  2030
VNULEO-0204
1 00204U 26001A   26001.50000000  .00000000  00000-0  00000-0 0  9990
2 00204 090.0000 098.1818 0000001 000.0000 197.4194 13.98210060  2040
VNULEO-0205
1 00205U 26001A   26001.50000000  .00000000  00000-0  00000-0 0  9990
2 00205 090.0000 098.1818 0000001 000.0000 209.0323 13.98210060  2050
VNULEO-0206
1 00206U 26001A   26001.50000000  .00000000  00000-0  00000-0 0  9990
2 00206 090.0000 098.1818 0000001 000.0000 220.6452 13.98210060  2060
VNULEO-0207
1 00207U 26001A   26001.50000000  .00000000  00000-0  00000-0 0  9990
2 00207 090.0000 098.1818 0000001 000.0000 232.2581 13.98210060  2070
VNULEO-0208
1 00208U 26001A   26001.50000000  .00000000  00000-0  00000-0 0  9990
2 00208 090.0000 098.1818 0000001 000.0000 243.8710 13.98210060  2080
VNULEO-0209
1 00209U 26001A   26001.50000000  .00000000  00000-0  00000-0 0  9990
2 00209 090.0000 098.1818 0000001 000.0000 255.4839 13.98210060  2090
VNULEO-0210
1 00210U 26001A   26001.50000000  .00000000  00000-0  00000-0 0  9990
2 00210 090.0000 098.1818 0000001 000.0000 267.0968 13.98210060  2100
VNULEO-0211
1 00211U 26001A   26001.50000000  .00000000  00000-0  00000-0 0  9990
2 00211 090.0000 098.1818 0000001 000.0000 278.7097 13.98210060  2110
VNULEO-0212
1 00212U 26001A   26001.50000000  .00000000  00000-0  00000-0 0  9990
2 00212 090.0000 098.1818 0000001 000.0000 290.3226 13.98210060  2120
VNULEO-0213
1 00213U 26001A   26001.50000000  .00000000  00000-0  00000-0 0  9990
2 00213 090.0000 098.1818 0000001 000.0000 301.9355 13.98210060  2130
VNULEO-0214
1 00214U 26001A   26001.50000000  .00000000  00000-0  00000-0 0  9990
2 00214 090.0000 098.1818 0000001 000.0000 313.5484 13.98210060  2140
VNULEO-0215
1 00215U 26001A   26001.50000000  .00000000  00000-0  00000-0 0  9990
2 00215 090.0000 098.1818 0000001 000.0000 325.1613 13.98210060  2150
VNULEO-0216
1 00216U 26001A   26001.50000000  .00000000  00000-0  00000-0 0  9990
2 00216 090.0000 098.1818 0000001 000.0000 336.7742 13.98210060  2160
VNULEO-0217
1 00217U 26001A   26001.50000000  .00000000  00000-0  00000-0 0  9990
2 00217 090.0000 098.1818 0000001 000.0000 348.3871 13.98210060  2170
VNULEO-0218
1 00218U 26001A   26001.50000000  .00000000  00000-0  00000-0 0  9990
2 00218 090.0000 114.5455 0000001 000.0000 000.0000 13.98210060  2180
VNULEO-0219
1 00219U 26001A   26001.50000000  .00000000  00000-0  00000-0 0  9990
2 00219 090.0000 114.5455 0000001 000.0000 011.6129 13.98210060  2190
VNULEO-0220
1 00220U 26001A   26001.50000000  .00000000  00000-0  00000-0 0  9990
2 00220 090.0000 114.5455 0000001 000.0000 023.2258 13.98210060  2200
VNULEO-0221
1 00221U 26001A   26001.50000000  .00000000  00000-0  00000-0 0  9990
2 00221 090.0000 114.5455 0000001 000.0000 034.8387 13.98210060  2210
VNULEO-0222
1 00222U 26001A   26001.50000000  .00000000  00000-0  00000-0 0  9990
2 00222 090.0000 114.5455 0000001 000.0000 046.4516 13.98210060  2220
VNULEO-0223
1 00223U 26001A   26001.50000000  .00000000  00000-0  00000-0 0  9990
2 00223 090.0000 114.5455 0000001 000.0000 058.0645 13.98210060  2230
VNULEO-0224
1 00224U 26001A   26001.50000000  .00000000  00000-0  00000-0 0  9990
2 00224 090.0000 114.5455 0000001 000.0000 069.6774 13.98210060  2240
VNULEO-0225
1 00225U 26001A   26001.50000000  .00000000  00000-0  00000-0 0  9990
2 00225 090.0000 114.5455 0000001 000.0000 081.2903 13.98210060  2250
VNULEO-0226
1 00226U 26001A   26001.50000000  .00000000  00000-0  00000-0 0  9990
2 00226 090.0000 114.5455 0000001 000.0000 092.9032 13.98210060  2260
VNULEO-0227
1 00227U 26001A   26001.50000000  .00000000  00000-0  00000-0 0  9990
2 00227 090.0000 114.5455 0000001 000.0000 104.5161 13.98210060  2270
VNULEO-0228
1 00228U 26001A   26001.50000000  .00000000  00000-0  00000-0 0  9990
2 00228 090.0000 114.5455 0000001 000.0000 116.1290 13.98210060  2280
VNULEO-0229
1 00229U 26001A   26001.50000000  .00000000  00000-0  00000-0 0  9990
2 00229 090.0000 114.5455 0000001 000.0000 127.7419 13.98210060  2290
VNULEO-0230
1 00230U 26001A   26001.50000000  .00000000  00000-0  00000-0 0  9990
2 00230 090.0000 114.5455 0000001 000.0000 139.3548 13.98210060  2300
VNULEO-0231
1 00231U 26001A   26001.50000000  .00000000  00000-0  00000-0 0  9990
2 00231 090.0000 114.5455 0000001 000.0000 150.9677 13.98210060  2310
VNULEO-0232
1 00232U 26001A   26001.50000000  .00000000  00000-0  00000-0 0  9990
2 00232 090.0000 114.5455 0000001 000.0000 162.5806 13.98210060  2320
VNULEO-0233
1 00233U 26001A   26001.50000000  .00000000  00000-0  00000-0 0  9990
2 00233 090.0000 114.5455 0000001 000.0000 174.1935 13.98210060  2330
VNULEO-0234
1 00234U 26001A   26001.50000000  .00000000  00000-0  00000-0 0  9990
2 00234 090.0000 114.5455 0000001 000.0000 185.8065 13.98210060  2340
VNULEO-0235
1 00235U 26001A   26001.50000000  .00000000  00000-0  00000-0 0  9990
2 00235 090.0000 114.5455 0000001 000.0000 197.4194 13.98210060  2350
VNULEO-0236
1 00236U 26001A   26001.50000000  .00000000  00000-0  00000-0 0  9990
2 00236 090.0000 114.5455 0000001 000.0000 209.0323 13.98210060  2360
VNULEO-0237
1 00237U 26001A   26001.50000000  .00000000  00000-0  00000-0 0  9990
2 00237 090.0000 114.5455 0000001 000.0000 220.6452 13.98210060  2370
VNULEO-0238
1 00238U 26001A   26001.50000000  .00000000  00000-0  00000-0 0  9990
2 00238 090.0000 114.5455 0000001 000.0000 232.2581 13.98210060  2380
VNULEO-0239
1 00239U 26001A   26001.50000000  .00000000  00000-0  00000-0 0  9990
2 00239 090.0000 114.5455 0000001 000.0000 243.8710 13.98210060  2390
VNULEO-0240
1 00240U 26001A   26001.50000000  .00000000  00000-0  00000-0 0  9990
2 00240 090.0000 114.5455 0000001 000.0000 255.4839 13.98210060  2400
VNULEO-0241
1 00241U 26001A   26001.50000000  .00000000  00000-0  00000-0 0  9990
2 00241 090.0000 114.5455 0000001 000.0000 267.0968 13.98210060  2410
VNULEO-0242
1 00242U 26001A   26001.50000000  .00000000  00000-0  00000-0 0  9990
2 00242 090.0000 114.5455 0000001 000.0000 278.7097 13.98210060  2420
VNULEO-0243
1 00243U 26001A   26001.50000000  .00000000  00000-0  00000-0 0  9990
2 00243 090.0000 114.5455 0000001 000.0000 290.3226 13.98210060  2430
VNULEO-0244
1 00244U 26001A   26001.50000000  .00000000  00000-0  00000-0 0  9990
2 00244 090.0000 114.5455 0000001 000.0000 301.9355 13.98210060  2440
VNULEO-0245
1 00245U 26001A   26001.50000000  .00000000  00000-0  00000-0 0  9990
2 00245 090.0000 114.5455 0000001 000.0000 313.5484 13.98210060  2450
VNULEO-0246
1 00246U 26001A   26001.50000000  .00000000  00000-0  00000-0 0  9990
2 00246 090.0000 114.5455 0000001 000.0000 325.1613 13.98210060  2460
VNULEO-0247
1 00247U 26001A   26001.50000000  .00000000  00000-0  00000-0 0  9990
2 00247 090.0000 114.5455 0000001 000.0000 336.7742 13.98210060  2470
VNULEO-0248
1 00248U 26001A   26001.50000000  .00000000  00000-0  00000-0 0  9990
2 00248 090.0000 114.5455 0000001 000.0000 348.3871 13.98210060  2480
VNULEO-0249
1 00249U 26001A   26001.50000000  .00000000  00000-0  00000-0 0  9990
2 00249 090.0000 130.9091 0000001 000.0000 000.0000 13.98210060  2490
VNULEO-0250
1 00250U 26001A   26001.50000000  .00000000  00000-0  00000-0 0  9990
2 00250 090.0000 130.9091 0000001 000.0000 011.6129 13.98210060  2500
VNULEO-0251
1 00251U 26001A   26001.50000000  .00000000  00000-0  00000-0 0  9990
2 00251 090.0000 130.9091 0000001 000.0000 023.2258 13.98210060  2510
VNULEO-0252
1 00252U 26001A   26001.50000000  .00000000  00000-0  00000-0 0  9990
2 00252 090.0000 130.9091 0000001 000.0000 034.8387 13.98210060  2520
VNULEO-0253
1 00253U 26001A   26001.50000000  .00000000  00000-0  00000-0 0  9990
2 00253 090.0000 130.9091 0000001 000.0000 046.4516 13.98210060  2530
VNULEO-0254
1 00254U 26001A   26001.50000000  .00000000  00000-0  00000-0 0  9990
2 00254 090.0000 130.9091 0000001 000.0000 058.0645 13.98210060  2540
VNULEO-0255
1 00255U 26001A   26001.50000000  .00000000  00000-0  00000-0 0  9990
2 00255 090.0000 130.9091 0000001 000.0000 069.6774 13.98210060  2550
VNULEO-0256
1 00256U 26001A   26001.50000000  .00000000  00000-0  00000-0 0  9990
2 00256 090.0000 130.9091 0000001 000.0000 081.2903 13.98210060  2560
VNULEO-0257
1 00257U 26001A   26001.50000000  .00000000  00000-0  00000-0 0  9990
2 00257 090.0000 130.9091 0000001 000.0000 092.9032 13.98210060  2570
VNULEO-0258
1 00258U 26001A   26001.50000000  .00000000  00000-0  00000-0 0  9990
2 00258 090.0000 130.9091 0000001 000.0000 104.5161 13.98210060  2580
VNULEO-0259
1 00259U 26001A   26001.50000000  .00000000  00000-0  00000-0 0  9990
2 00259 090.0000 130.9091 0000001 000.0000 116.1290 13.98210060  2590
VNULEO-0260
1 00260U 26001A   26001.50000000  .00000000  00000-0  00000-0 0  9990
2 00260 090.0000 130.9091 0000001 000.0000 127.7419 13.98210060  2600
VNULEO-0261
1 00261U 26001A   26001.50000000  .00000000  00000-0  00000-0 0  9990
2 00261 090.0000 130.9091 0000001 000.0000 139.3548 13.98210060  2610
VNULEO-0262
1 00262U 26001A   26001.50000000  .00000000  00000-0  00000-0 0  9990
2 00262 090.0000 130.9091 0000001 000.0000 150.9677 13.98210060  2620
VNULEO-0263
1 00263U 26001A   26001.50000000  .00000000  00000-0  00000-0 0  9990
2 00263 090.0000 130.9091 0000001 000.0000 162.5806 13.98210060  2630
VNULEO-0264
1 00264U 26001A   26001.50000000  .00000000  00000-0  00000-0 0  9990
2 00264 090.0000 130.9091 0000001 000.0000 174.1935 13.98210060  2640
VNULEO-0265
1 00265U 26001A   26001.50000000  .00000000  00000-0  00000-0 0  9990
2 00265 090.0000 130.9091 0000001 000.0000 185.8065 13.98210060  2650
VNULEO-0266
1 00266U 26001A   26001.50000000  .00000000  00000-0  00000-0 0  9990
2 00266 090.0000 130.9091 0000001 000.0000 197.4194 13.98210060  2660
VNULEO-0267
1 00267U 26001A   26001.50000000  .00000000  00000-0  00000-0 0  9990
2 00267 090.0000 130.9091 0000001 000.0000 209.0323 13.98210060  2670
VNULEO-0268
1 00268U 26001A   26001.50000000  .00000000  00000-0  00000-0 0  9990
2 00268 090.0000 130.9091 0000001 000.0000 220.6452 13.98210060  2680
VNULEO-0269
1 00269U 26001A   26001.50000000  .00000000  00000-0  00000-0 0  9990
2 00269 090.0000 130.9091 0000001 000.0000 232.2581 13.98210060  2690
VNULEO-0270
1 00270U 26001A   26001.50000000  .00000000  00000-0  00000-0 0  9990
2 00270 090.0000 130.9091 0000001 000.0000 243.8710 13.98210060  2700
VNULEO-0271
1 00271U 26001A   26001.50000000  .00000000  00000-0  00000-0 0  9990
2 00271 090.0000 130.9091 0000001 000.0000 255.4839 13.98210060  2710
VNULEO-0272
1 00272U 26001A   26001.50000000  .00000000  00000-0  00000-0 0  9990
2 00272 090.0000 130.9091 0000001 000.0000 267.0968 13.98210060  2720
VNULEO-0273
1 00273U 26001A   26001.50000000  .00000000  00000-0  00000-0 0  9990
2 00273 090.0000 130.9091 0000001 000.0000 278.7097 13.98210060  2730
VNULEO-0274
1 00274U 26001A   26001.50000000  .00000000  00000-0  00000-0 0  9990
2 00274 090.0000 130.9091 0000001 000.0000 290.3226 13.98210060  2740
VNULEO-0275
1 00275U 26001A   26001.50000000  .00000000  00000-0  00000-0 0  9990
2 00275 090.0000 130.9091 0000001 000.0000 301.9355 13.98210060  2750
VNULEO-0276
1 00276U 26001A   26001.50000000  .00000000  00000-0  00000-0 0  9990
2 00276 090.0000 130.9091 0000001 000.0000 313.5484 13.98210060  2760
VNULEO-0277
1 00277U 26001A   26001.50000000  .00000000  00000-0  00000-0 0  9990
2 00277 090.0000 130.9091 0000001 000.0000 325.1613 13.98210060  2770
VNULEO-0278
1 00278U 26001A   26001.50000000  .00000000  00000-0  00000-0 0  9990
2 00278 090.0000 130.9091 0000001 000.0000 336.7742 13.98210060  2780
VNULEO-0279
1 00279U 26001A   26001.50000000  .00000000  00000-0  00000-0 0  9990
2 00279 090.0000 130.9091 0000001 000.0000 348.3871 13.98210060  2790
VNULEO-0280
1 00280U 26001A   26001.50000000  .00000000  00000-0  00000-0 0  9990
2 00280 090.0000 147.2727 0000001 000.0000 000.0000 13.98210060  2800
VNULEO-0281
1 00281U 26001A   26001.50000000  .00000000  00000-0  00000-0 0  9990
2 00281 090.0000 147.2727 0000001 000.0000 011.6129 13.98210060  2810
VNULEO-0282
1 00282U 26001A   26001.50000000  .00000000  00000-0  00000-0 0  9990
2 00282 090.0000 147.2727 0000001 000.0000 023.2258 13.98210060  2820
VNULEO-0283
1 00283U 26001A   26001.50000000  .00000000  00000-0  00000-0 0  9990
2 00283 090.0000 147.2727 0000001 000.0000 034.8387 13.98210060  2830
VNULEO-0284
1 00284U 26001A   26001.50000000  .00000000  00000-0  00000-0 0  9990
2 00284 090.0000 147.2727 0000001 000.0000 046.4516 13.98210060  2840
VNULEO-0285
1 00285U 26001A   26001.50000000  .00000000  00000-0  00000-0 0  9990
2 00285 090.0000 147.2727 0000001 000.0000 058.0645 13.98210060  2850
VNULEO-0286
1 00286U 26001A   26001.50000000  .00000000  00000-0  00000-0 0  9990
2 00286 090.0000 147.2727 0000001 000.0000 069.6774 13.98210060  2860
VNULEO-0287
1 00287U 26001A   26001.50000000  .00000000  00000-0  00000-0 0  9990
2 00287 090.0000 147.2727 0000001 000.0000 081.2903 13.98210060  2870
VNULEO-0288
1 00288U 26001A   26001.50000000  .00000000  00000-0  00000-0 0  9990
2 00288 090.0000 147.2727 0000001 000.0000 092.9032 13.98210060  2880
VNULEO-0289
1 00289U 26001A   26001.50000000  .00000000  00000-0  00000-0 0  9990
2 00289 090.0000 147.2727 0000001 000.0000 104.5161 13.98210060  2890
VNULEO-0290
1 00290U 26001A   26001.50000000  .00000000  00000-0  00000-0 0  9990
2 00290 090.0000 147.2727 0000001 000.0000 116.1290 13.98210060  2900
VNULEO-0291
1 00291U 26001A   26001.50000000  .00000000  00000-0  00000-0 0  9990
2 00291 090.0000 147.2727 0000001 000.0000 127.7419 13.98210060  2910
VNULEO-0292
1 00292U 26001A   26001.50000000  .00000000  00000-0  00000-0 0  9990
2 00292 090.0000 147.2727 0000001 000.0000 139.3548 13.98210060  2920
VNULEO-0293
1 00293U 26001A   26001.50000000  .00000000  00000-0  00000-0 0  9990
2 00293 090.0000 147.2727 0000001 000.0000 150.9677 13.98210060  2930
VNULEO-0294
1 00294U 26001A   26001.50000000  .00000000  00000-0  00000-0 0  9990
2 00294 090.0000 147.2727 0000001 000.0000 162.5806 13.98210060  2940
VNULEO-0295
1 00295U 26001A   26001.50000000  .00000000  00000-0  00000-0 0  9990
2 00295 090.0000 147.2727 0000001 000.0000 174.1935 13.98210060  2950
VNULEO-0296
1 00296U 26001A   26001.50000000  .00000000  00000-0  00000-0 0  9990
2 00296 090.0000 147.2727 0000001 000.0000 185.8065 13.98210060  2960
VNULEO-0297
1 00297U 26001A   26001.50000000  .00000000  00000-0  00000-0 0  9990
2 00297 090.0000 147.2727 0000001 000.0000 197.4194 13.98210060  2970
VNULEO-0298
1 00298U 26001A   26001.50000000  .00000000  00000-0  00000-0 0  9990
2 00298 090.0000 147.2727 0000001 000.0000 209.0323 13.98210060  2980
VNULEO-0299
1 00299U 26001A   26001.50000000  .00000000  00000-0  00000-0 0  9990
2 00299 090.0000 147.2727 0000001 000.0000 220.6452 13.98210060  2990
VNULEO-0300
1 00300U 26001A   26001.50000000  .00000000  00000-0  00000-0 0  9990
2 00300 090.0000 147.2727 0000001 000.0000 232.2581 13.98210060  3000
VNULEO-0301
1 00301U 26001A   26001.50000000  .00000000  00000-0  00000-0 0  9990
2 00301 090.0000 147.2727 0000001 000.0000 243.8710 13.98210060  3010
VNULEO-0302
1 00302U 26001A   26001.50000000  .00000000  00000-0  00000-0 0  9990
2 00302 090.0000 147.2727 0000001 000.0000 255.4839 13.98210060  3020
VNULEO-0303
1 00303U 26001A   26001.50000000  .00000000  00000-0  00000-0 0  9990
2 00303 090.0000 147.2727 0000001 000.0000 267.0968 13.98210060  3030
VNULEO-0304
1 00304U 26001A   26001.50000000  .00000000  00000-0  00000-0 0  9990
2 00304 090.0000 147.2727 0000001 000.0000 278.7097 13.98210060  3040
VNULEO-0305
1 00305U 26001A   26001.50000000  .00000000  00000-0  00000-0 0  9990
2 00305 090.0000 147.2727 0000001 000.0000 290.3226 13.98210060  3050
VNULEO-0306
1 00306U 26001A   26001.50000000  .00000000  00000-0  00000-0 0  9990
2 00306 090.0000 147.2727 0000001 000.0000 301.9355 13.98210060  3060
VNULEO-0307
1 00307U 26001A   26001.50000000  .00000000  00000-0  00000-0 0  9990
2 00307 090.0000 147.2727 0000001 000.0000 313.5484 13.98210060  3070
VNULEO-0308
1 00308U 26001A   26001.50000000  .00000000  00000-0  00000-0 0  9990
2 00308 090.0000 147.2727 0000001 000.0000 325.1613 13.98210060  3080
VNULEO-0309
1 00309U 26001A   26001.50000000  .00000000  00000-0  00000-0 0  9990
2 00309 090.0000 147.2727 0000001 000.0000 336.7742 13.98210060  3090
VNULEO-0310
1 00310U 26001A   26001.50000000  .00000000  00000-0  00000-0 0  9990
2 00310 090.0000 147.2727 0000001 000.0000 348.3871 13.98210060  3100
VNULEO-0311
1 00311U 26001A   26001.50000000  .00000000  00000-0  00000-0 0  9990
2 00311 090.0000 163.6364 0000001 000.0000 005.8065 13.98210060  3110
VNULEO-0312
1 00312U 26001A   26001.50000000  .00000000  00000-0  00000-0 0  9990
2 00312 090.0000 163.6364 0000001 000.0000 017.4194 13.98210060  3120
VNULEO-0313
1 00313U 26001A   26001.50000000  .00000000  00000-0  00000-0 0  9990
2 00313 090.0000 163.6364 0000001 000.0000 029.0323 13.98210060  3130
VNULEO-0314
1 00314U 26001A   26001.50000000  .00000000  00000-0  00000-0 0  9990
2 00314 090.0000 163.6364 0000001 000.0000 040.6452 13.98210060  3140
VNULEO-0315
1 00315U 26001A   26001.50000000  .00000000  00000-0  00000-0 0  9990
2 00315 090.0000 163.6364 0000001 000.0000 052.2581 13.98210060  3150
VNULEO-0316
1 00316U 26001A   26001.50000000  .00000000  00000-0  00000-0 0  9990
2 00316 090.0000 163.6364 0000001 000.0000 063.8710 13.98210060  3160
VNULEO-0317
1 00317U 26001A   26001.50000000  .00000000  00000-0  00000-0 0  9990
2 00317 090.0000 163.6364 0000001 000.0000 075.4839 13.98210060  3170
VNULEO-0318
1 00318U 26001A   26001.50000000  .00000000  00000-0  00000-0 0  9990
2 00318 090.0000 163.6364 0000001 000.0000 087.0968 13.98210060  3180
VNULEO-0319
1 00319U 26001A   26001.50000000  .00000000  00000-0  00000-0 0  9990
2 00319 090.0000 163.6364 0000001 000.0000 098.7097 13.98210060  3190
VNULEO-0320
1 00320U 26001A   26001.50000000  .00000000  00000-0  00000-0 0  9990
2 00320 090.0000 163.6364 0000001 000.0000 110.3226 13.98210060  3200
VNULEO-0321
1 00321U 26001A   26001.50000000  .00000000  00000-0  00000-0 0  9990
2 00321 090.0000 163.6364 0000001 000.0000 121.9355 13.98210060  3210
VNULEO-0322
1 00322U 26001A   26001.50000000  .00000000  00000-0  00000-0 0  9990
2 00322 090.0000 163.6364 0000001 000.0000 133.5484 13.98210060  3220
VNULEO-0323
1 00323U 26001A   26001.50000000  .00000000  00000-0  00000-0 0  9990
2 00323 090.0000 163.6364 0000001 000.0000 145.1613 13.98210060  3230
VNULEO-0324
1 00324U 26001A   26001.50000000  .00000000  00000-0  00000-0 0  9990
2 00324 090.0000 163.6364 0000001 000.0000 156.7742 13.98210060  3240
VNULEO-0325
1 00325U 26001A   26001.50000000  .00000000  00000-0  00000-0 0  9990
2 00325 090.0000 163.6364 0000001 000.0000 168.3871 13.98210060  3250
VNULEO-0326
1 00326U 26001A   26001.50000000  .00000000  00000-0  00000-0 0  9990
2 00326 090.0000 163.6364 0000001 000.0000 180.0000 13.98210060  3260
VNULEO-0327
1 00327U 26001A   26001.50000000  .00000000  00000-0  00000-0 0  9990
2 00327 090.0000 163.6364 0000001 000.0000 191.6129 13.98210060  3270
VNULEO-0328
1 00328U 26001A   26001.50000000  .00000000  00000-0  00000-0 0  9990
2 00328 090.0000 163.6364 0000001 000.0000 203.2258 13.98210060  3280
VNULEO-0329
1 00329U 26001A   26001.50000000  .00000000  00000-0  00000-0 0  9990
2 00329 090.0000 163.6364 0000001 000.0000 214.8387 13.98210060  3290
VNULEO-0330
1 00330U 26001A   26001.50000000  .00000000  00000-0  00000-0 0  9990
2 00330 090.0000 163.6364 0000001 000.0000 226.4516 13.98210060  3300
VNULEO-0331
1 00331U 26001A   26001.50000000  .00000000  00000-0  00000-0 0  9990
2 00331 090.0000 163.6364 0000001 000.0000 238.0645 13.98210060  3310
VNULEO-0332
1 00332U 26001A   26001.50000000  .00000000  00000-0  00000-0 0  9990
2 00332 090.0000 163.6364 0000001 000.0000 249.6774 13.98210060  3320
VNULEO-0333
1 00333U 26001A   26001.50000000  .00000000  00000-0  00000-0 0  9990
2 00333 090.0000 163.6364 0000001 000.0000 261.2903 13.98210060  3330
VNULEO-0334
1 00334U 26001A   26001.50000000  .00000000  00000-0  00000-0 0  9990
2 00334 090.0000 163.6364 0000001 000.0000 272.9032 13.98210060  3340
VNULEO-0335
1 00335U 26001A   26001.50000000  .00000000  00000-0  00000-0 0  9990
2 00335 090.0000 163.6364 0000001 000.0000 284.5161 13.98210060  3350
VNULEO-0336
1 00336U 26001A   26001.50000000  .00000000  00000-0  00000-0 0  9990
2 00336 090.0000 163.6364 0000001 000.0000 296.1290 13.98210060  3360
VNULEO-0337
1 00337U 26001A   26001.50000000  .00000000  00000-0  00000-0 0  9990
2 00337 090.0000 163.6364 0000001 000.0000 307.7419 13.98210060  3370
VNULEO-0338
1 00338U 26001A   26001.50000000  .00000000  00000-0  00000-0 0  9990
2 00338 090.0000 163.6364 0000001 000.0000 319.3548 13.98210060  3380
VNULEO-0339
1 00339U 26001A   26001.50000000  .00000000  00000-0  00000-0 0  9990
2 00339 090.0000 163.6364 0000001 000.0000 330.9677 13.98210060  3390
VNULEO-0340
1 00340U 26001A   26001.50000000  .00000000  00000-0  00000-0 0  9990
2 00340 090.0000 163.6364 0000001 000.0000 342.5806 13.98210060  3400
VNULEO-0341
1 00341U 26001A   26001.50000000  .00000000  00000-0  00000-0 0  9990
2 00341 090.0000 163.6364 0000001 000.0000 354.1935 13.98210060  3410
