1 00001U 26095.00000000  .00000000  00000-0  00000-0 0  9999
2 00001  20.0000   0.0000 0000000   0.0000   0.0000 14.29661356 0
1 00002U 26095.00000000  .00000000  00000-0  00000-0 0  9999
2 00002  20.0000   0.0000 0000000   0.0000  36.0000 14.29661356 0
1 00003U 26095.00000000  .00000000  00000-0  00000-0 0  9999
2 00003  20.0000   0.0000 0000000   0.0000  72.0000 14.29661356 0
1 00004U 26095.00000000  .00000000  00000-0  00000-0 0  9999
2 00004  20.0000   0.0000 0000000   0.0000 108.0000 14.29661356 0
1 00005U 26095.00000000  .00000000  00000-0  00000-0 0  9999
2 00005  20.0000   0.0000 0000000   0.0000 144.0000 14.29661356 0
1 00006U 26095.00000000  .00000000  00000-0  00000-0 0  9999
2 00006  20.0000   0.0000 0000000   0.0000 180.0000 14.29661356 0
1 00007U 26095.00000000  .00000000  00000-0  00000-0 0  9999
2 00007  20.0000   0.0000 0000000   0.0000 216.0000 14.29661356 0
1 00008U 26095.00000000  .00000000  00000-0  00000-0 0  9999
2 00008  20.0000   0.0000 0000000   0.0000 252.0000 14.29661356 0
1 00009U 26095.00000000  .00000000  00000-0  00000-0 0  9999
2 00009  20.0000   0.0000 0000000   0.0000 288.0000 14.29661356 0
1 00010U 26095.00000000  .00000000  00000-0  00000-0 0  9999
2 00010  20.0000   0.0000 0000000   0.0000 324.0000 14.29661356 0
1 00011U 26095.00000000  .00000000  00000-0  00000-0 0  9999
2 00011  20.0000  60.0000 0000000   0.0000   0.0000 14.29661356 0
1 00012U 26095.00000000  .00000000  00000-0  00000-0 0  9999
2 00012  20.0000  60.0000 0000000   0.0000  36.0000 14.29661356 0
1 00013U 26095.00000000  .00000000  00000-0  00000-0 0  9999
2 00013  20.0000  60.0000 0000000   0.0000  72.0000 14.29661356 0
1 00014U 26095.00000000  .00000000  00000-0  00000-0 0  9999
2 00014  20.0000  60.0000 0000000   0.0000 108.0000 14.29661356 0
1 00015U 26095.00000000  .00000000  00000-0  00000-0 0  9999
2 00015  20.0000  60.0000 0000000   0.0000 144.0000 14.29661356 0
1 00016U 26095.00000000  .00000000  00000-0  00000-0 0  9999
2 00016  20.0000  60.0000 0000000   0.0000 180.0000 14.29661356 0
1 00017U 26095.00000000  .00000000  00000-0  00000-0 0  9999
2 00017  20.0000  60.0000 0000000   0.0000 216.0000 14.29661356 0
1 00018U 26095.00000000  .00000000  00000-0  00000-0 0  9999
2 00018  20.0000  60.0000 0000000   0.0000 252.0000 14.29661356 0
1 00019U 26095.00000000  .00000000  00000-0  00000-0 0  9999
2 00019  20.0000  60.0000 0000000   0.0000 288.0000 14.29661356 0
1 00020U 26095.00000000  .00000000  00000-0  00000-0 0  9999
2 00020  20.0000  60.0000 0000000   0.0000 324.0000 14.29661356 0
1 00021U 26095.00000000  .00000000  00000-0  00000-0 0  9999
2 00021  20.0000 120.0000 0000000   0.0000   0.0000 14.29661356 0
1 00022U 26095.00000000  .00000000  00000-0  00000-0 0  9999
2 00022  20.0000 120.0000 0000000   0.0000  36.0000 14.29661356 0
1 00023U 26095.00000000  .00000000  00000-0  00000-0 0  9999
2 00023  20.0000 120.0000 0000000   0.0000  72.0000 14.29661356 0
1 00024U 26095.00000000  .00000000  00000-0  00000-0 0  9999
2 00024  20.0000 120.0000 0000000   0.0000 108.0000 14.29661356 0
1 00025U 26095.00000000  .00000000  00000-0  00000-0 0  9999
2 00025  20.0000 120.0000 0000000   0.0000 144.0000 14.29661356 0
1 00026U 26095.00000000  .00000000  00000-0  00000-0 0  9999
2 00026  20.0000 120.0000 0000000   0.0000 180.0000 14.29661356 0
1 00027U 26095.00000000  .00000000  00000-0  00000-0 0  9999
2 00027  20.0000 120.0000 0000000   0.0000 216.0000 14.29661356 0
1 00028U 26095.00000000  .00000000  00000-0  00000-0 0  9999
2 00028  20.0000 120.0000 0000000   0.0000 252.0000 14.29661356 0
1 00029U 26095.00000000  .00000000  00000-0  00000-0 0  9999
2 00029  20.0000 120.0000 0000000   0.0000 288.0000 14.29661356 0
1 00030U 26095.00000000  .00000000  00000-0  00000-0 0  9999
2 00030  20.0000 120.0000 0000000   0.0000 324.0000 14.29661356 0
1 00031U 26095.00000000  .00000000  00000-0  00000-0 0  9999
2 00031  20.0000 180.0000 0000000   0.0000   0.0000 14.29661356 0
1 00032U 26095.00000000  .00000000  00000-0  00000-0 0  9999
2 00032  20.0000 180.0000 0000000   0.0000  36.0000 14.29661356 0
1 00033U 26095.00000000  .00000000  00000-0  00000-0 0  9999
2 00033  20.0000 180.0000 0000000   0.0000  72.0000 14.29661356 0
1 00034U 26095.00000000  .00000000  00000-0  00000-0 0  9999
2 00034  20.0000 180.0000 0000000   0.0000 108.0000 14.29661356 0
1 00035U 26095.00000000  .00000000  00000-0  00000-0 0  9999
2 00035  20.0000 180.0000 0000000   0.0000 144.0000 14.29661356 0
1 00036U 26095.00000000  .00000000  00000-0  00000-0 0  9999
2 00036  20.0000 180.0000 0000000   0.0000 180.0000 14.29661356 0
1 00037U 26095.00000000  .00000000  00000-0  00000-0 0  9999
2 00037  20.0000 180.0000 0000000   0.0000 216.0000 14.29661356 0
1 00038U 26095.00000000  .00000000  00000-0  00000-0 0  9999
2 00038  20.0000 180.0000 0000000   0.0000 252.0000 14.29661356 0
1 00039U 26095.00000000  .00000000  00000-0  00000-0 0  9999
2 00039  20.0000 180.0000 0000000   0.0000 288.0000 14.29661356 0
1 00040U 26095.00000000  .00000000  00000-0  00000-0 0  9999
2 00040  20.0000 180.0000 0000000   0.0000 324.0000 14.29661356 0
1 00041U 26095.00000000  .00000000  00000-0  00000-0 0  9999
2 00041  20.0000 240.0000 0000000   0.0000   0.0000 14.29661356 0
1 00042U 26095.00000000  .00000000  00000-0  00000-0 0  9999
2 00042  20.0000 240.0000 0000000   0.0000  36.0000 14.29661356 0
1 00043U 26095.00000000  .00000000  00000-0  00000-0 0  9999
2 00043  20.0000 240.0000 0000000   0.0000  72.0000 14.29661356 0
1 00044U 26095.00000000  .00000000  00000-0  00000-0 0  9999
2 00044  20.0000 240.0000 0000000   0.0000 108.0000 14.29661356 0
1 00045U 26095.00000000  .00000000  00000-0  00000-0 0  9999
2 00045  20.0000 240.0000 0000000   0.0000 144.0000 14.29661356 0
1 00046U 26095.00000000  .00000000  00000-0  00000-0 0  9999
2 00046  20.0000 240.0000 0000000   0.0000 180.0000 14.29661356 0
1 00047U 26095.00000000  .00000000  00000-0  00000-0 0  9999
2 00047  20.0000 240.0000 0000000   0.0000 216.0000 14.29661356 0
1 00048U 26095.00000000  .00000000  00000-0  00000-0 0  9999
2 00048  20.0000 240.0000 0000000   0.0000 252.0000 14.29661356 0
1 00049U 26095.00000000  .00000000  00000-0  00000-0 0  9999
2 00049  20.0000 240.0000 0000000   0.0000 288.0000 14.29661356 0
1 00050U 26095.00000000  .00000000  00000-0  00000-0 0  9999
2 00050  20.0000 240.0000 0000000   0.0000 324.0000 14.29661356 0
1 00051U 26095.00000000  .00000000  00000-0  00000-0 0  9999
2 00051  20.0000 300.0000 0000000   0.0000   0.0000 14.29661356 0
1 00052U 26095.00000000  .00000000  00000-0  00000-0 0  9999
2 00052  20.0000 300.0000 0000000   0.0000  36.0000 14.29661356 0
1 00053U 26095.00000000  .00000000  00000-0  00000-0 0  9999
2 00053  20.0000 300.0000 0000000   0.0000  72.0000 14.29661356 0
1 00054U 26095.00000000  .00000000  00000-0  00000-0 0  9999
2 00054  20.0000 300.0000 0000000   0.0000 108.0000 14.29661356 0
1 00055U 26095.00000000  .00000000  00000-0  00000-0 0  9999
2 00055  20.0000 300.0000 0000000   0.0000 144.0000 14.29661356 0
1 00056U 26095.00000000  .00000000  00000-0  00000-0 0  9999
2 00056  20.0000 300.0000 0000000   0.0000 180.0000 14.29661356 0
1 00057U 26095.00000000  .00000000  00000-0  00000-0 0  9999
2 00057  20.0000 300.0000 0000000   0.0000 216.0000 14.29661356 0
1 00058U 26095.00000000  .00000000  00000-0  00000-0 0  9999
2 00058  20.0000 300.0000 0000000   0.0000 252.0000 14.29661356 0
1 00059U 26095.00000000  .00000000  00000-0  00000-0 0  9999
2 00059  20.0000 300.0000 0000000   0.0000 288.0000 14.29661356 0
1 00060U 26095.00000000  .00000000  00000-0  00000-0 0  9999
2 00060  20.0000 300.0000 0000000   0.0000 324.0000 14.29661356 0
