VNULEO-0001
1 00001U 26001A   26001.50000000  .00000000  00000-0  00000-0 0  9990
2 00001 090.0000 000.0000 0000001 000.0000 000.0000 12.41559304    10
VNULEO-0002
1 00002U 26001A   26001.50000000  .00000000  00000-0  00000-0 0  9990
2 00002 090.0000 000.0000 0000001 000.0000 009.7297 12.41559304    20
VNULEO-0003
1 00003U 26001A   26001.50000000  .00000000  00000-0  00000-0 0  9990
2 00003 090.0000 000.0000 0000001 000.0000 019.4595 12.41559304    30
VNULEO-0004
1 00004U 26001A   26001.50000000  .00000000  00000-0  00000-0 0  9990
2 00004 090.0000 000.0000 0000001 000.0000 029.1892 12.41559304    40
VNULEO-0005
1 00005U 26001A   26001.50000000  .00000000  00000-0  00000-0 0  9990
2 00005 090.0000 000.0000 0000001 000.0000 038.9189 12.41559304    50
VNULEO-0006
1 00006U 26001A   26001.50000000  .00000000  00000-0  00000-0 0  9990
2 00006 090.0000 000.0000 0000001 000.0000 048.6486 12.41559304    60
VNULEO-0007
1 00007U 26001A   26001.50000000  .00000000  00000-0  00000-0 0  9990
2 00007 090.0000 000.0000 0000001 000.0000 058.3784 12.41559304    70
VNULEO-0008
1 00008U 26001A   26001.50000000  .00000000  00000-0  00000-0 0  9990
2 00008 090.0000 000.0000 0000001 000.0000 068.1081 12.41559304    80
VNULEO-0009
1 00009U 26001A   26001.50000000  .00000000  00000-0  00000-0 0  9990
2 00009 090.0000 000.0000 0000001 000.0000 077.8378 12.41559304    90
VNULEO-0010
1 00010U 26001A   26001.50000000  .00000000  00000-0  00000-0 0  9990
2 00010 090.0000 000.0000 0000001 000.0000 087.5676 12.41559304   100
VNULEO-0011
1 00011U 26001A   26001.50000000  .00000000  00000-0  00000-0 0  9990
2 00011 090.0000 000.0000 0000001 000.0000 097.2973 12.41559304   110
VNULEO-0012
1 00012U 26001A   26001.50000000  .00000000  00000-0  00000-0 0  9990
2 00012 090.0000 000.0000 0000001 000.0000 107.0270 12.41559304   120
VNULEO-0013
1 00013U 26001A   26001.50000000  .00000000  00000-0  00000-0 0  9990
2 00013 090.0000 000.0000 0000001 000.0000 116.7568 12.41559304   130
VNULEO-0014
1 00014U 26001A   26001.50000000  .00000000  00000-0  00000-0 0  9990
2 00014 090.0000 000.0000 0000001 000.0000 126.4865 12.41559304   140
VNULEO-0015
1 00015U 26001A   26001.50000000  .00000000  00000-0  00000-0 0  9990
2 00015 090.0000 000.0000 0000001 000.0000 136.2162 12.41559304   150
VNULEO-0016
1 00016U 26001A   26001.50000000  .00000000  00000-0  00000-0 0  9990
2 00016 090.0000 000.0000 0000001 000.0000 145.9459 12.41559304   160
VNULEO-0017
1 00017U 26001A   26001.50000000  .00000000  00000-0  00000-0 0  9990
2 00017 090.0000 000.0000 0000001 000.0000 155.6757 12.41559304   170
VNULEO-0018
1 00018U 26001A   26001.50000000  .00000000  00000-0  00000-0 0  9990
2 00018 090.0000 000.0000 0000001 000.0000 165.4054 12.41559304   180
VNULEO-0019
1 00019U 26001A   26001.50000000  .00000000  00000-0  00000-0 0  9990
2 00019 090.0000 000.0000 0000001 000.0000 175.1351 12.41559304   190
VNULEO-0020
1 00020U 26001A   26001.50000000  .00000000  00000-0  00000-0 0  9990
2 00020 090.0000 000.0000 0000001 000.0000 184.8649 12.41559304   200
VNULEO-0021
1 00021U 26001A   26001.50000000  .00000000  00000-0  00000-0 0  9990
2 00021 090.0000 000.0000 0000001 000.0000 194.5946 12.41559304   210
VNULEO-0022
1 00022U 26001A   26001.50000000  .00000000  00000-0  00000-0 0  9990
2 00022 090.0000 000.0000 0000001 000.0000 204.3243 12.41559304   220
VNULEO-0023
1 00023U 26001A   26001.50000000  .00000000  00000-0  00000-0 0  9990
2 00023 090.0000 000.0000 0000001 000.0000 214.0541 12.41559304   230
VNULEO-0024
1 00024U 26001A   26001.50000000  .00000000  00000-0  00000-0 0  9990
2 00024 090.0000 000.0000 0000001 000.0000 223.7838 12.41559304   240
VNULEO-0025
1 00025U 26001A   26001.50000000  .00000000  00000-0  00000-0 0  9990
2 00025 090.0000 000.0000 0000001 000.0000 233.5135 12.41559304   250
VNULEO-0026
1 00026U 26001A   26001.50000000  .00000000  00000-0  00000-0 0  9990
2 00026 090.0000 000.0000 0000001 000.0000 243.2432 12.41559304   260
VNULEO-0027
1 00027U 26001A   26001.50000000  .00000000  00000-0  00000-0 0  9990
2 00027 090.0000 000.0000 0000001 000.0000 252.9730 12.41559304   270
VNULEO-0028
1 00028U 26001A   26001.50000000  .00000000  00000-0  00000-0 0  9990
2 00028 090.0000 000.0000 0000001 000.0000 262.7027 12.41559304   280
VNULEO-0029
1 00029U 26001A   26001.50000000  .00000000  00000-0  00000-0 0  9990
2 00029 090.0000 000.0000 0000001 000.0000 272.4324 12.41559304   290
VNULEO-0030
1 00030U 26001A   26001.50000000  .00000000  00000-0  00000-0 0  9990
2 00030 090.0000 000.0000 0000001 000.0000 282.1622 12.41559304   300
VNULEO-0031
1 00031U 26001A   26001.50000000  .00000000  00000-0  00000-0 0  9990
2 00031 090.0000 000.0000 0000001 000.0000 291.8919 12.41559304   310
VNULEO-0032
1 00032U 26001A   26001.50000000  .00000000  00000-0  00000-0 0  9990
2 00032 090.0000 000.0000 0000001 000.0000 301.6216 12.41559304   320
VNULEO-0033
1 00033U 26001A   26001.50000000  .00000000  00000-0  00000-0 0  9990
2 00033 090.0000 000.0000 0000001 000.0000 311.3514 12.41559304   330
VNULEO-0034
1 00034U 26001A   26001.50000000  .00000000  00000-0  00000-0 0  9990
2 00034 090.0000 000.0000 0000001 000.0000 321.0811 12.41559304   340
VNULEO-0035
1 00035U 26001A   26001.50000000  .00000000  00000-0  00000-0 0  9990
2 00035 090.0000 000.0000 0000001 000.0000 330.8108 12.41559304   350
VNULEO-0036
1 00036U 26001A   26001.50000000  .00000000  00000-0  00000-0 0  9990
2 00036 090.0000 000.0000 0000001 000.0000 340.5405 12.41559304   360
VNULEO-0037
1 00037U 26001A   26001.50000000  .00000000  00000-0  00000-0 0  9990
2 00037 090.0000 000.0000 0000001 000.0000 350.2703 12.41559304   370
VNULEO-0038
1 00038U 26001A   26001.50000000  .00000000  00000-0  00000-0 0  9990
2 00038 090.0000 025.7143 0000001 000.0000 000.0000 12.41559304   380
VNULEO-0039
1 00039U 26001A   26001.50000000  .00000000  00000-0  00000-0 0  9990
2 00039 090.0000 025.7143 0000001 000.0000 009.7297 12.41559304   390
VNULEO-0040
1 00040U 26001A   26001.50000000  .00000000  00000-0  00000-0 0  9990
2 00040 090.0000 025.7143 0000001 000.0000 019.4595 12.41559304   400
VNULEO-0041
1 00041U 26001A   26001.50000000  .00000000  00000-0  00000-0 0  9990
2 00041 090.0000 025.7143 0000001 000.0000 029.1892 12.41559304   410
VNULEO-0042
1 00042U 26001A   26001.50000000  .00000000  00000-0  00000-0 0  9990
2 00042 090.0000 025.7143 0000001 000.0000 038.9189 12.41559304   420
VNULEO-0043
1 00043U 26001A   26001.50000000  .00000000  00000-0  00000-0 0  9990
2 00043 090.0000 025.7143 0000001 000.0000 048.6486 12.41559304   430
VNULEO-0044
1 00044U 26001A   26001.50000000  .00000000  00000-0  00000-0 0  9990
2 00044 090.0000 025.7143 0000001 000.0000 058.3784 12.41559304   440
VNULEO-0045
1 00045U 26001A   26001.50000000  .00000000  00000-0  00000-0 0  9990
2 00045 090.0000 025.7143 0000001 000.0000 068.1081 12.41559304   450
VNULEO-0046
1 00046U 26001A   26001.50000000  .00000000  00000-0  00000-0 0  9990
2 00046 090.0000 025.7143 0000001 000.0000 077.8378 12.41559304   460
VNULEO-0047
1 00047U 26001A   26001.50000000  .00000000  00000-0  00000-0 0  9990
2 00047 090.0000 025.7143 0000001 000.0000 087.5676 12.41559304   470
VNULEO-0048
1 00048U 26001A   26001.50000000  .00000000  00000-0  00000-0 0  9990
2 00048 090.0000 025.7143 0000001 000.0000 097.2973 12.41559304   480
VNULEO-0049
1 00049U 26001A   26001.50000000  .00000000  00000-0  00000-0 0  9990
2 00049 090.0000 025.7143 0000001 000.0000 107.0270 12.41559304   490
VNULEO-0050
1 00050U 26001A   26001.50000000  .00000000  00000-0  00000-0 0  9990
2 00050 090.0000 025.7143 0000001 000.0000 116.7568 12.41559304   500
VNULEO-0051
1 00051U 26001A   26001.50000000  .00000000  00000-0  00000-0 0  9990
2 00051 090.0000 025.7143 0000001 000.0000 126.4865 12.41559304   510
VNULEO-0052
1 00052U 26001A   26001.50000000  .00000000  00000-0  00000-0 0  9990
2 00052 090.0000 025.7143 0000001 000.0000 136.2162 12.41559304   520
VNULEO-0053
1 00053U 26001A   26001.50000000  .00000000  00000-0  00000-0 0  9990
2 00053 090.0000 025.7143 0000001 000.0000 145.9459 12.41559304   530
VNULEO-0054
1 00054U 26001A   26001.50000000  .00000000  00000-0  00000-0 0  9990
2 00054 090.0000 025.7143 0000001 000.0000 155.6757 12.41559304   540
VNULEO-0055
1 00055U 26001A   26001.50000000  .00000000  00000-0  00000-0 0  9990
2 00055 090.0000 025.7143 0000001 000.0000 165.4054 12.41559304   550
VNULEO-0056
1 00056U 26001A   26001.50000000  .00000000  00000-0  00000-0 0  9990
2 00056 090.0000 025.7143 0000001 000.0000 175.1351 12.41559304   560
VNULEO-0057
1 00057U 26001A   26001.50000000  .00000000  00000-0  00000-0 0  9990
2 00057 090.0000 025.7143 0000001 000.0000 184.8649 12.41559304   570
VNULEO-0058
1 00058U 26001A   26001.50000000  .00000000  00000-0  00000-0 0  9990
2 00058 090.0000 025.7143 0000001 000.0000 194.5946 12.41559304   580
VNULEO-0059
1 00059U 26001A   26001.50000000  .00000000  00000-0  00000-0 0  9990
2 00059 090.0000 025.7143 0000001 000.0000 204.3243 12.41559304   590
VNULEO-0060
1 00060U 26001A   26001.50000000  .00000000  00000-0  00000-0 0  9990
2 00060 090.0000 025.7143 0000001 000.0000 214.0541 12.41559304   600
VNULEO-0061
1 00061U 26001A   26001.50000000  .00000000  00000-0  00000-0 0  9990
2 00061 090.0000 025.7143 0000001 000.0000 223.7838 12.41559304   610
VNULEO-0062
1 00062U 26001A   26001.50000000  .00000000  00000-0  00000-0 0  9990
2 00062 090.0000 025.7143 0000001 000.0000 233.5135 12.41559304   620
VNULEO-0063
1 00063U 26001A   26001.50000000  .00000000  00000-0  00000-0 0  9990
2 00063 090.0000 025.7143 0000001 000.0000 243.2432 12.41559304   630
VNULEO-0064
1 00064U 26001A   26001.50000000  .00000000  00000-0  00000-0 0  9990
2 00064 090.0000 025.7143 0000001 000.0000 252.9730 12.41559304   640
VNULEO-0065
1 00065U 26001A   26001.50000000  .00000000  00000-0  00000-0 0  9990
2 00065 090.0000 025.7143 0000001 000.0000 262.7027 12.41559304   650
VNULEO-0066
1 00066U 26001A   26001.50000000  .00000000  00000-0  00000-0 0  9990
2 00066 090.0000 025.7143 0000001 000.0000 272.4324 12.41559304   660
VNULEO-0067
1 00067U 26001A   26001.50000000  .00000000  00000-0  00000-0 0  9990
2 00067 090.0000 025.7143 0000001 000.0000 282.1622 12.41559304   670
VNULEO-0068
1 00068U 26001A   26001.50000000  .00000000  00000-0  00000-0 0  9990
2 00068 090.0000 025.7143 0000001 000.0000 291.8919 12.41559304   680
VNULEO-0069
1 00069U 26001A   26001.50000000  .00000000  00000-0  00000-0 0  9990
2 00069 090.0000 025.7143 0000001 000.0000 301.6216 12.41559304   690
VNULEO-0070
1 00070U 26001A   26001.50000000  .00000000  00000-0  00000-0 0  9990
2 00070 090.0000 025.7143 0000001 000.0000 311.3514 12.41559304   700
VNULEO-0071
1 00071U 26001A   26001.50000000  .00000000  00000-0  00000-0 0  9990
2 00071 090.0000 025.7143 0000001 000.0000 321.0811 12.41559304   710
VNULEO-0072
1 00072U 26001A   26001.50000000  .00000000  00000-0  00000-0 0  9990
2 00072 090.0000 025.7143 0000001 000.0000 330.8108 12.41559304   720
VNULEO-0073
1 00073U 26001A   26001.50000000  .00000000  00000-0  00000-0 0  9990
2 00073 090.0000 025.7143 0000001 000.0000 340.5405 12.41559304   730
VNULEO-0074
1 00074U 26001A   26001.50000000  .00000000  00000-0  00000-0 0  9990
2 00074 090.0000 025.7143 0000001 000.0000 350.2703 12.41559304   740
VNULEO-0075
1 00075U 26001A   26001.50000000  .00000000  00000-0  00000-0 0  9990
2 00075 090.0000 051.4286 0000001 000.0000 000.0000 12.41559304   750
VNULEO-0076
1 00076U 26001A   26001.50000000  .00000000  00000-0  00000-0 0  9990
2 00076 090.0000 051.4286 0000001 000.0000 009.7297 12.41559304   760
VNULEO-0077
1 00077U 26001A   26001.50000000  .00000000  00000-0  00000-0 0  9990
2 00077 090.0000 051.4286 0000001 000.0000 019.4595 12.41559304   770
VNULEO-0078
1 00078U 26001A   26001.50000000  .00000000  00000-0  00000-0 0  9990
2 00078 090.0000 051.4286 0000001 000.0000 029.1892 12.41559304   780
VNULEO-0079
1 00079U 26001A   26001.50000000  .00000000  00000-0  00000-0 0  9990
2 00079 090.0000 051.4286 0000001 000.0000 038.9189 12.41559304   790
VNULEO-0080
1 00080U 26001A   26001.50000000  .00000000  00000-0  00000-0 0  9990
2 00080 090.0000 051.4286 0000001 000.0000 048.6486 12.41559304   800
VNULEO-0081
1 00081U 26001A   26001.50000000  .00000000  00000-0  00000-0 0  9990
2 00081 090.0000 051.4286 0000001 000.0000 058.3784 12.41559304   810
VNULEO-0082
1 00082U 26001A   26001.50000000  .00000000  00000-0  00000-0 0  9990
2 00082 090.0000 051.4286 0000001 000.0000 068.1081 12.41559304   820
VNULEO-0083
1 00083U 26001A   26001.50000000  .00000000  00000-0  00000-0 0  9990
2 00083 090.0000 051.4286 0000001 000.0000 077.8378 12.41559304   830
VNULEO-0084
1 00084U 26001A   26001.50000000  .00000000  00000-0  00000-0 0  9990
2 00084 090.0000 051.4286 0000001 000.0000 087.5676 12.41559304   840
VNULEO-0085
1 00085U 26001A   26001.50000000  .00000000  00000-0  00000-0 0  9990
2 00085 090.0000 051.4286 0000001 000.0000 097.2973 12.41559304   850
VNULEO-0086
1 00086U 26001A   26001.50000000  .00000000  00000-0  00000-0 0  9990
2 00086 090.0000 051.4286 0000001 000.0000 107.0270 12.41559304   860
VNULEO-0087
1 00087U 26001A   26001.50000000  .00000000  00000-0  00000-0 0  9990
2 00087 090.0000 051.4286 0000001 000.0000 116.7568 12.41559304   870
VNULEO-0088
1 00088U 26001A   26001.50000000  .00000000  00000-0  00000-0 0  9990
2 00088 090.0000 051.4286 0000001 000.0000 126.4865 12.41559304   880
VNULEO-0089
1 00089U 26001A   26001.50000000  .00000000  00000-0  00000-0 0  9990
2 00089 090.0000 051.4286 0000001 000.0000 136.2162 12.41559304   890
VNULEO-0090
1 00090U 26001A   26001.50000000  .00000000  00000-0  00000-0 0  9990
2 00090 090.0000 051.4286 0000001 000.0000 145.9459 12.41559304   900
VNULEO-0091
1 00091U 26001A   26001.50000000  .00000000  00000-0  00000-0 0  9990
2 00091 090.0000 051.4286 0000001 000.0000 155.6757 12.41559304   910
VNULEO-0092
1 00092U 26001A   26001.50000000  .00000000  00000-0  00000-0 0  9990
2 00092 090.0000 051.4286 0000001 000.0000 165.4054 12.41559304   920
VNULEO-0093
1 00093U 26001A   26001.50000000  .00000000  00000-0  00000-0 0  9990
2 00093 090.0000 051.4286 0000001 000.0000 175.1351 12.41559304   930
VNULEO-0094
1 00094U 26001A   26001.50000000  .00000000  00000-0  00000-0 0  9990
2 00094 090.0000 051.4286 0000001 000.0000 184.8649 12.41559304   940
VNULEO-0095
1 00095U 26001A   26001.50000000  .00000000  00000-0  00000-0 0  9990
2 00095 090.0000 051.4286 0000001 000.0000 194.5946 12.41559304   950
VNULEO-0096
1 00096U 26001A   26001.50000000  .00000000  00000-0  00000-0 0  9990
2 00096 090.0000 051.4286 0000001 000.0000 204.3243 12.41559304   960
VNULEO-0097
1 00097U 26001A   26001.50000000  .00000000  00000-0  00000-0 0  9990
2 00097 090.0000 051.4286 0000001 000.0000 214.0541 12.41559304   970
VNULEO-0098
1 00098U 26001A   26001.50000000  .00000000  00000-0  00000-0 0  9990
2 00098 090.0000 051.4286 0000001 000.0000 223.7838 12.41559304   980
VNULEO-0099
1 00099U 26001A   26001.50000000  .00000000  00000-0  00000-0 0  9990
2 00099 090.0000 051.4286 0000001 000.0000 233.5135 12.41559304   990
VNULEO-0100
1 00100U 26001A   26001.50000000  .00000000  00000-0  00000-0 0  9990
2 00100 090.0000 051.4286 0000001 000.0000 243.2432 12.41559304  1000
VNULEO-0101
1 00101U 26001A   26001.50000000  .00000000  00000-0  00000-0 0  9990
2 00101 090.0000 051.4286 0000001 000.0000 252.9730 12.41559304  1010
VNULEO-0102
1 00102U 26001A   26001.50000000  .00000000  00000-0  00000-0 0  9990
2 00102 090.0000 051.4286 0000001 000.0000 262.7027 12.41559304  1020
VNULEO-0103
1 00103U 26001A   26001.50000000  .00000000  00000-0  00000-0 0  9990
2 00103 090.0000 051.4286 0000001 000.0000 272.4324 12.41559304  1030
VNULEO-0104
1 00104U 26001A   26001.50000000  .00000000  00000-0  00000-0 0  9990
2 00104 090.0000 051.4286 0000001 000.0000 282.1622 12.41559304  1040
VNULEO-0105
1 00105U 26001A   26001.50000000  .00000000  00000-0  00000-0 0  9990
2 00105 090.0000 051.4286 0000001 000.0000 291.8919 12.41559304  1050
VNULEO-0106
1 00106U 26001A   26001.50000000  .00000000  00000-0  00000-0 0  9990
2 00106 090.0000 051.4286 0000001 000.0000 301.6216 12.41559304  1060
VNULEO-0107
1 00107U 26001A   26001.50000000  .00000000  00000-0  00000-0 0  9990
2 00107 090.0000 051.4286 0000001 000.0000 311.3514 12.41559304  1070
VNULEO-0108
1 00108U 26001A   26001.50000000  .00000000  00000-0  00000-0 0  9990
2 00108 090.0000 051.4286 0000001 000.0000 321.0811 12.41559304  1080
VNULEO-0109
1 00109U 26001A   26001.50000000  .00000000  00000-0  00000-0 0  9990
2 00109 090.0000 051.4286 0000001 000.0000 330.8108 12.41559304  1090
VNULEO-0110
1 00110U 26001A   26001.50000000  .00000000  00000-0  00000-0 0  9990
2 00110 090.0000 051.4286 0000001 000.0000 340.5405 12.41559304  1100
VNULEO-0111
1 00111U 26001A   26001.50000000  .00000000  00000-0  00000-0 0  9990
2 00111 090.0000 051.4286 0000001 000.0000 350.2703 12.41559304  1110
VNULEO-0112
1 00112U 26001A   26001.50000000  .00000000  00000-0  00000-0 0  9990
2 00112 090.0000 077.1429 0000001 000.0000 000.0000 12.41559304  1120
VNULEO-0113
1 00113U 26001A   26001.50000000  .00000000  00000-0  00000-0 0  9990
2 00113 090.0000 077.1429 0000001 000.0000 009.7297 12.41559304  1130
VNULEO-0114
1 00114U 26001A   26001.50000000  .00000000  00000-0  00000-0 0  9990
2 00114 090.0000 077.1429 0000001 000.0000 019.4595 12.41559304  1140
VNULEO-0115
1 00115U 26001A   26001.50000000  .00000000  00000-0  00000-0 0  9990
2 00115 090.0000 077.1429 0000001 000.0000 029.1892 12.41559304  1150
VNULEO-0116
1 00116U 26001A   26001.50000000  .00000000  00000-0  00000-0 0  9990
2 00116 090.0000 077.1429 0000001 000.0000 038.9189 12.41559304  1160
VNULEO-0117
1 00117U 26001A   26001.50000000  .00000000  00000-0  00000-0 0  9990
2 00117 090.0000 077.1429 0000001 000.0000 048.6486 12.41559304  1170
VNULEO-0118
1 00118U 26001A   26001.50000000  .00000000  00000-0  00000-0 0  9990
2 00118 090.0000 077.1429 0000001 000.0000 058.3784 12.41559304  1180
VNULEO-0119
1 00119U 26001A   26001.50000000  .00000000  00000-0  00000-0 0  9990
2 00119 090.0000 077.1429 0000001 000.0000 068.1081 12.41559304  1190
VNULEO-0120
1 00120U 26001A   26001.50000000  .00000000  00000-0  00000-0 0  9990
2 00120 090.0000 077.1429 0000001 000.0000 077.8378 12.41559304  1200
VNULEO-0121
1 00121U 26001A   26001.50000000  .00000000  00000-0  00000-0 0  9990
2 00121 090.0000 077.1429 0000001 000.0000 087.5676 12.41559304  1210
VNULEO-0122
1 00122U 26001A   26001.50000000  .00000000  00000-0  00000-0 0  9990
2 00122 090.0000 077.1429 0000001 000.0000 097.2973 12.41559304  1220
VNULEO-0123
1 00123U 26001A   26001.50000000  .00000000  00000-0  00000-0 0  9990
2 00123 090.0000 077.1429 0000001 000.0000 107.0270 12.41559304  1230
VNULEO-0124
1 00124U 26001A   26001.50000000  .00000000  00000-0  00000-0 0  9990
2 00124 090.0000 077.1429 0000001 000.0000 116.7568 12.41559304  1240
VNULEO-0125
1 00125U 26001A   26001.50000000  .00000000  00000-0  00000-0 0  9990
2 00125 090.0000 077.1429 0000001 000.0000 126.4865 12.41559304  1250
VNULEO-0126
1 00126U 26001A   26001.50000000  .00000000  00000-0  00000-0 0  9990
2 00126 090.0000 077.1429 0000001 000.0000 136.2162 12.41559304  1260
VNULEO-0127
1 00127U 26001A   26001.50000000  .00000000  00000-0  00000-0 0  9990
2 00127 090.0000 077.1429 0000001 000.0000 145.9459 12.41559304  1270
VNULEO-0128
1 00128U 26001A   26001.50000000  .00000000  00000-0  00000-0 0  9990
2 00128 090.0000 077.1429 0000001 000.0000 155.6757 12.41559304  1280
VNULEO-0129
1 00129U 26001A   26001.50000000  .00000000  00000-0  00000-0 0  9990
2 00129 090.0000 077.1429 0000001 000.0000 165.4054 12.41559304  1290
VNULEO-0130
1 00130U 26001A   26001.50000000  .00000000  00000-0  00000-0 0  9990
2 00130 090.0000 077.1429 0000001 000.0000 175.1351 12.41559304  1300
VNULEO-0131
1 00131U 26001A   26001.50000000  .00000000  00000-0  00000-0 0  9990
2 00131 090.0000 077.1429 0000001 000.0000 184.8649 12.41559304  1310
VNULEO-0132
1 00132U 26001A   26001.50000000  .00000000  00000-0  00000-0 0  9990
2 00132 090.0000 077.1429 0000001 000.0000 194.5946 12.41559304  1320
VNULEO-0133
1 00133U 26001A   26001.50000000  .00000000  00000-0  00000-0 0  9990
2 00133 090.0000 077.1429 0000001 000.0000 204.3243 12.41559304  1330
VNULEO-0134
1 00134U 26001A   26001.50000000  .00000000  00000-0  00000-0 0  9990
2 00134 090.0000 077.1429 0000001 000.0000 214.0541 12.41559304  1340
VNULEO-0135
1 00135U 26001A   26001.50000000  .00000000  00000-0  00000-0 0  9990
2 00135 090.0000 077.1429 0000001 000.0000 223.7838 12.41559304  1350
VNULEO-0136
1 00136U 26001A   26001.50000000  .00000000  00000-0  00000-0 0  9990
2 00136 090.0000 077.1429 0000001 000.0000 233.5135 12.41559304  1360
VNULEO-0137
1 00137U 26001A   26001.50000000  .00000000  00000-0  00000-0 0  9990
2 00137 090.0000 077.1429 0000001 000.0000 243.2432 12.41559304  1370
VNULEO-0138
1 00138U 26001A   26001.50000000  .00000000  00000-0  00000-0 0  9990
2 00138 090.0000 077.1429 0000001 000.0000 252.9730 12.41559304  1380
VNULEO-0139
1 00139U 26001A   26001.50000000  .00000000  00000-0  00000-0 0  9990
2 00139 090.0000 077.1429 0000001 000.0000 262.7027 12.41559304  1390
VNULEO-0140
1 00140U 26001A   26001.50000000  .00000000  00000-0  00000-0 0  9990
2 00140 090.0000 077.1429 0000001 000.0000 272.4324 12.41559304  1400
VNULEO-0141
1 00141U 26001A   26001.50000000  .00000000  00000-0  00000-0 0  9990
2 00141 090.0000 077.1429 0000001 000.0000 282.1622 12.41559304  1410
VNULEO-0142
1 00142U 26001A   26001.50000000  .00000000  00000-0  00000-0 0  9990
2 00142 090.0000 077.1429 0000001 000.0000 291.8919 12.41559304  1420
VNULEO-0143
1 00143U 26001A   26001.50000000  .00000000  00000-0  00000-0 0  9990
2 00143 090.0000 077.1429 0000001 000.0000 301.6216 12.41559304  1430
VNULEO-0144
1 00144U 26001A   26001.50000000  .00000000  00000-0  00000-0 0  9990
2 00144 090.0000 077.1429 0000001 000.0000 311.3514 12.41559304  1440
VNULEO-0145
1 00145U 26001A   26001.50000000  .00000000  00000-0  00000-0 0  9990
2 00145 090.0000 077.1429 0000001 000.0000 321.0811 12.41559304  1450
VNULEO-0146
1 00146U 26001A   26001.50000000  .00000000  00000-0  00000-0 0  9990
2 00146 090.0000 077.1429 0000001 000.0000 330.8108 12.41559304  1460
VNULEO-0147
1 00147U 26001A   26001.50000000  .00000000  00000-0  00000-0 0  9990
2 00147 090.0000 077.1429 0000001 000.0000 340.5405 12.41559304  1470
VNULEO-0148
1 00148U 26001A   26001.50000000  .00000000  00000-0  00000-0 0  9990
2 00148 090.0000 077.1429 0000001 000.0000 350.2703 12.41559304  1480
VNULEO-0149
1 00149U 26001A   26001.50000000  .00000000  00000-0  00000-0 0  9990
2 00149 090.0000 102.8571 0000001 000.0000 000.0000 12.41559304  1490
VNULEO-0150
1 00150U 26001A   26001.50000000  .00000000  00000-0  00000-0 0  9990
2 00150 090.0000 102.8571 0000001 000.0000 009.7297 12.41559304  1500
VNULEO-0151
1 00151U 26001A   26001.50000000  .00000000  00000-0  00000-0 0  9990
2 00151 090.0000 102.8571 0000001 000.0000 019.4595 12.41559304  1510
VNULEO-0152
1 00152U 26001A   26001.50000000  .00000000  00000-0  00000-0 0  9990
2 00152 090.0000 102.8571 0000001 000.0000 029.1892 12.41559304  1520
VNULEO-0153
1 00153U 26001A   26001.50000000  .00000000  00000-0  00000-0 0  9990
2 00153 090.0000 102.8571 0000001 000.0000 038.9189 12.41559304  1530
VNULEO-0154
1 00154U 26001A   26001.50000000  .00000000  00000-0  00000-0 0  9990
2 00154 090.0000 102.8571 0000001 000.0000 048.6486 12.41559304  1540
VNULEO-0155
1 00155U 26001A   26001.50000000  .00000000  00000-0  00000-0 0  9990
2 00155 090.0000 102.8571 0000001 000.0000 058.3784 12.41559304  1550
VNULEO-0156
1 00156U 26001A   26001.50000000  .00000000  00000-0  00000-0 0  9990
2 00156 090.0000 102.8571 0000001 000.0000 068.1081 12.41559304  1560
VNULEO-0157
1 00157U 26001A   26001.50000000  .00000000  00000-0  00000-0 0  9990
2 00157 090.0000 102.8571 0000001 000.0000 077.8378 12.41559304  1570
VNULEO-0158
1 00158U 26001A   26001.50000000  .00000000  00000-0  00000-0 0  9990
2 00158 090.0000 102.8571 0000001 000.0000 087.5676 12.41559304  1580
VNULEO-0159
1 00159U 26001A   26001.50000000  .00000000  00000-0  00000-0 0  9990
2 00159 090.0000 102.8571 0000001 000.0000 097.2973 12.41559304  1590
VNULEO-0160
1 00160U 26001A   26001.50000000  .00000000  00000-0  00000-0 0  9990
2 00160 090.0000 102.8571 0000001 000.0000 107.0270 12.41559304  1600
VNULEO-0161
1 00161U 26001A   26001.50000000  .00000000  00000-0  00000-0 0  9990
2 00161 090.0000 102.8571 0000001 000.0000 116.7568 12.41559304  1610
VNULEO-0162
1 00162U 26001A   26001.50000000  .00000000  00000-0  00000-0 0  9990
2 00162 090.0000 102.8571 0000001 000.0000 126.4865 12.41559304  1620
VNULEO-0163
1 00163U 26001A   26001.50000000  .00000000  00000-0  00000-0 0  9990
2 00163 090.0000 102.8571 0000001 000.0000 136.2162 12.41559304  1630
VNULEO-0164
1 00164U 26001A   26001.50000000  .00000000  00000-0  00000-0 0  9990
2 00164 090.0000 102.8571 0000001 000.0000 145.9459 12.41559304  1640
VNULEO-0165
1 00165U 26001A   26001.50000000  .00000000  00000-0  00000-0 0  9990
2 00165 090.0000 102.8571 0000001 000.0000 155.6757 12.41559304  1650
VNULEO-0166
1 00166U 26001A   26001.50000000  .00000000  00000-0  00000-0 0  9990
2 00166 090.0000 102.8571 0000001 000.0000 165.4054 12.41559304  1660
VNULEO-0167
1 00167U 26001A   26001.50000000  .00000000  00000-0  00000-0 0  9990
2 00167 090.0000 102.8571 0000001 000.0000 175.1351 12.41559304  1670
VNULEO-0168
1 00168U 26001A   26001.50000000  .00000000  00000-0  00000-0 0  9990
2 00168 090.0000 102.8571 0000001 000.0000 184.8649 12.41559304  1680
VNULEO-0169
1 00169U 26001A   26001.50000000  .00000000  00000-0  00000-0 0  9990
2 00169 090.0000 102.8571 0000001 000.0000 194.5946 12.41559304  1690
VNULEO-0170
1 00170U 26001A   26001.50000000  .00000000  00000-0  00000-0 0  9990
2 00170 090.0000 102.8571 0000001 000.0000 204.3243 12.41559304  1700
VNULEO-0171
1 00171U 26001A   26001.50000000  .00000000  00000-0  00000-0 0  9990
2 00171 090.0000 102.8571 0000001 000.0000 214.0541 12.41559304  1710
VNULEO-0172
1 00172U 26001A   26001.50000000  .00000000  00000-0  00000-0 0  9990
2 00172 090.0000 102.8571 0000001 000.0000 223.7838 12.41559304  1720
VNULEO-0173
1 00173U 26001A   26001.50000000  .00000000  00000-0  00000-0 0  9990
2 00173 090.0000 102.8571 0000001 000.0000 233.5135 12.41559304  1730
VNULEO-0174
1 00174U 26001A   26001.50000000  .00000000  00000-0  00000-0 0  9990
2 00174 090.0000 102.8571 0000001 000.0000 243.2432 12.41559304  1740
VNULEO-0175
1 00175U 26001A   26001.50000000  .00000000  00000-0  00000-0 0  9990
2 00175 090.0000 102.8571 0000001 000.0000 252.9730 12.41559304  1750
VNULEO-0176
1 00176U 26001A   26001.50000000  .00000000  00000-0  00000-0 0  9990
2 00176 090.0000 102.8571 0000001 000.0000 262.7027 12.41559304  1760
VNULEO-0177
1 00177U 26001A   26001.50000000  .00000000  00000-0  00000-0 0  9990
2 00177 090.0000 102.8571 0000001 000.0000 272.4324 12.41559304  1770
VNULEO-0178
1 00178U 26001A   26001.50000000  .00000000  00000-0  00000-0 0  9990
2 00178 090.0000 102.8571 0000001 000.0000 282.1622 12.41559304  1780
VNULEO-0179
1 00179U 26001A   26001.50000000  .00000000  00000-0  00000-0 0  9990
2 00179 090.0000 102.8571 0000001 000.0000 291.8919 12.41559304  1790
VNULEO-0180
1 00180U 26001A   26001.50000000  .00000000  00000-0  00000-0 0  9990
2 00180 090.0000 102.8571 0000001 000.0000 301.6216 12.41559304  1800
VNULEO-0181
1 00181U 26001A   26001.50000000  .00000000  00000-0  00000-0 0  9990
2 00181 090.0000 102.8571 0000001 000.0000 311.3514 12.41559304  1810
VNULEO-0182
1 00182U 26001A   26001.50000000  .00000000  00000-0  00000-0 0  9990
2 00182 090.0000 102.8571 0000001 000.0000 321.0811 12.41559304  1820
VNULEO-0183
1 00183U 26001A   26001.50000000  .00000000  00000-0  00000-0 0  9990
2 00183 090.0000 102.8571 0000001 000.0000 330.8108 12.41559304  1830
VNULEO-0184
1 00184U 26001A   26001.50000000  .00000000  00000-0  00000-0 0  9990
2 00184 090.0000 102.8571 0000001 000.0000 340.5405 12.41559304  1840
VNULEO-0185
1 00185U 26001A   26001.50000000  .00000000  00000-0  00000-0 0  9990
2 00185 090.0000 102.8571 0000001 000.0000 350.2703 12.41559304  1850
VNULEO-0186
1 00186U 26001A   26001.50000000  .00000000  00000-0  00000-0 0  9990
2 00186 090.0000 128.5714 0000001 000.0000 000.0000 12.41559304  1860
VNULEO-0187
1 00187U 26001A   26001.50000000  .00000000  00000-0  00000-0 0  9990
2 00187 090.0000 128.5714 0000001 000.0000 009.7297 12.41559304  1870
VNULEO-0188
1 00188U 26001A   26001.50000000  .00000000  00000-0  00000-0 0  9990
2 00188 090.0000 128.5714 0000001 000.0000 019.4595 12.41559304  1880
VNULEO-0189
1 00189U 26001A   26001.50000000  .00000000  00000-0  00000-0 0  9990
2 00189 090.0000 128.5714 0000001 000.0000 029.1892 12.41559304  1890
VNULEO-0190
1 00190U 26001A   26001.50000000  .00000000  00000-0  00000-0 0  9990
2 00190 090.0000 128.5714 0000001 000.0000 038.9189 12.41559304  1900
VNULEO-0191
1 00191U 26001A   26001.50000000  .00000000  00000-0  00000-0 0  9990
2 00191 090.0000 128.5714 0000001 000.0000 048.6486 12.41559304  1910
VNULEO-0192
1 00192U 26001A   26001.50000000  .00000000  00000-0  00000-0 0  9990
2 00192 090.0000 128.5714 0000001 000.0000 058.3784 12.41559304  1920
VNULEO-0193
1 00193U 26001A   26001.50000000  .00000000  00000-0  00000-0 0  9990
2 00193 090.0000 128.5714 0000001 000.0000 068.1081 12.41559304  1930
VNULEO-0194
1 00194U 26001A   26001.50000000  .00000000  00000-0  00000-0 0  9990
2 00194 090.0000 128.5714 0000001 000.0000 077.8378 12.41559304  1940
VNULEO-0195
1 00195U 26001A   26001.50000000  .00000000  00000-0  00000-0 0  9990
2 00195 090.0000 128.5714 0000001 000.0000 087.5676 12.41559304  1950
VNULEO-0196
1 00196U 26001A   26001.50000000  .00000000  00000-0  00000-0 0  9990
2 00196 090.0000 128.5714 0000001 000.0000 097.2973 12.41559304  1960
VNULEO-0197
1 00197U 26001A   26001.50000000  .00000000  00000-0  00000-0 0  9990
2 00197 090.0000 128.5714 0000001 000.0000 107.0270 12.41559304  1970
VNULEO-0198
1 00198U 26001A   26001.50000000  .00000000  00000-0  00000-0 0  9990
2 00198 090.0000 128.5714 0000001 000.0000 116.7568 12.41559304  1980
VNULEO-0199
1 00199U 26001A   26001.50000000  .00000000  00000-0  00000-0 0  9990
2 00199 090.0000 128.5714 0000001 000.0000 126.4865 12.41559304  1990
VNULEO-0200
1 00200U 26001A   26001.50000000  .00000000  00000-0  00000-0 0  9990
2 00200 090.0000 128.5714 0000001 000.0000 136.2162 12.41559304  2000
VNULEO-0201
1 00201U 26001A   26001.50000000  .00000000  00000-0  00000-0 0  9990
2 00201 090.0000 128.5714 0000001 000.0000 145.9459 12.41559304  2010
VNULEO-0202
1 00202U 26001A   26001.50000000  .00000000  00000-0  00000-0 0  9990
2 00202 090.0000 128.5714 0000001 000.0000 155.6757 12.41559304  2020
VNULEO-0203
1 00203U 26001A   26001.50000000  .00000000  00000-0  00000-0 0  9990
2 00203 090.0000 128.5714 0000001 000.0000 165.4054 12.41559304  2030
VNULEO-0204
1 00204U 26001A   26001.50000000  .00000000  00000-0  00000-0 0  9990
2 00204 090.0000 128.5714 0000001 000.0000 175.1351 12.41559304  2040
VNULEO-0205
1 00205U 26001A   26001.50000000  .00000000  00000-0  00000-0 0  9990
2 00205 090.0000 128.5714 0000001 000.0000 184.8649 12.41559304  2050
VNULEO-0206
1 00206U 26001A   26001.50000000  .00000000  00000-0  00000-0 0  9990
2 00206 090.0000 128.5714 0000001 000.0000 194.5946 12.41559304  2060
VNULEO-0207
1 00207U 26001A   26001.50000000  .00000000  00000-0  00000-0 0  9990
2 00207 090.0000 128.5714 0000001 000.0000 204.3243 12.41559304  2070
VNULEO-0208
1 00208U 26001A   26001.50000000  .00000000  00000-0  00000-0 0  9990
2 00208 090.0000 128.5714 0000001 000.0000 214.0541 12.41559304  2080
VNULEO-0209
1 00209U 26001A   26001.50000000  .00000000  00000-0  00000-0 0  9990
2 00209 090.0000 128.5714 0000001 000.0000 223.7838 12.41559304  2090
VNULEO-0210
1 00210U 26001A   26001.50000000  .00000000  00000-0  00000-0 0  9990
2 00210 090.0000 128.5714 0000001 000.0000 233.5135 12.41559304  2100
VNULEO-0211
1 00211U 26001A   26001.50000000  .00000000  00000-0  00000-0 0  9990
2 00211 090.0000 128.5714 0000001 000.0000 243.2432 12.41559304  2110
VNULEO-0212
1 00212U 26001A   26001.50000000  .00000000  00000-0  00000-0 0  9990
2 00212 090.0000 128.5714 0000001 000.0000 252.9730 12.41559304  2120
VNULEO-0213
1 00213U 26001A   26001.50000000  .00000000  00000-0  00000-0 0  9990
2 00213 090.0000 128.5714 0000001 000.0000 262.7027 12.41559304  2130
VNULEO-0214
1 00214U 26001A   26001.50000000  .00000000  00000-0  00000-0 0  9990
2 00214 090.0000 128.5714 0000001 000.0000 272.4324 12.41559304  2140
VNULEO-0215
1 00215U 26001A   26001.50000000  .00000000  00000-0  00000-0 0  9990
2 00215 090.0000 128.5714 0000001 000.0000 282.1622 12.41559304  2150
VNULEO-0216
1 00216U 26001A   26001.50000000  .00000000  00000-0  00000-0 0  9990
2 00216 090.0000 128.5714 0000001 000.0000 291.8919 12.41559304  2160
VNULEO-0217
1 00217U 26001A   26001.50000000  .00000000  00000-0  00000-0 0  9990
2 00217 090.0000 128.5714 0000001 000.0000 301.6216 12.41559304  2170
VNULEO-0218
1 00218U 26001A   26001.50000000  .00000000  00000-0  00000-0 0  9990
2 00218 090.0000 128.5714 0000001 000.0000 311.3514 12.41559304  2180
VNULEO-0219
1 00219U 26001A   26001.50000000  .00000000  00000-0  00000-0 0  9990
2 00219 090.0000 128.5714 0000001 000.0000 321.0811 12.41559304  2190
VNULEO-0220
1 00220U 26001A   26001.50000000  .00000000  00000-0  00000-0 0  9990
2 00220 090.0000 128.5714 0000001 000.0000 330.8108 12.41559304  2200
VNULEO-0221
1 00221U 26001A   26001.50000000  .00000000  00000-0  00000-0 0  9990
2 00221 090.0000 128.5714 0000001 000.0000 340.5405 12.41559304  2210
VNULEO-0222
1 00222U 26001A   26001.50000000  .00000000  00000-0  00000-0 0  9990
2 00222 090.0000 128.5714 0000001 000.0000 350.2703 12.41559304  2220
VNULEO-0223
1 00223U 26001A   26001.50000000  .00000000  00000-0  00000-0 0  9990
2 00223 090.0000 154.2857 0000001 000.0000 004.8649 12.41559304  2230
VNULEO-0224
1 00224U 26001A   26001.50000000  .00000000  00000-0  00000-0 0  9990
2 00224 090.0000 154.2857 0000001 000.0000 014.5946 12.41559304  2240
VNULEO-0225
1 00225U 26001A   26001.50000000  .00000000  00000-0  00000-0 0  9990
2 00225 090.0000 154.2857 0000001 000.0000 024.3243 12.41559304  2250
VNULEO-0226
1 00226U 26001A   26001.50000000  .00000000  00000-0  00000-0 0  9990
2 00226 090.0000 154.2857 0000001 000.0000 034.0541 12.41559304  2260
VNULEO-0227
1 00227U 26001A   26001.50000000  .00000000  00000-0  00000-0 0  9990
2 00227 090.0000 154.2857 0000001 000.0000 043.7838 12.41559304  2270
VNULEO-0228
1 00228U 26001A   26001.50000000  .00000000  00000-0  00000-0 0  9990
2 00228 090.0000 154.2857 0000001 000.0000 053.5135 12.41559304  2280
VNULEO-0229
1 00229U 26001A   26001.50000000  .00000000  00000-0  00000-0 0  9990
2 00229 090.0000 154.2857 0000001 000.0000 063.2432 12.41559304  2290
VNULEO-0230
1 00230U 26001A   26001.50000000  .00000000  00000-0  00000-0 0  9990
2 00230 090.0000 154.2857 0000001 000.0000 072.9730 12.41559304  2300
VNULEO-0231
1 00231U 26001A   26001.50000000  .00000000  00000-0  00000-0 0  9990
2 00231 090.0000 154.2857 0000001 000.0000 082.7027 12.41559304  2310
VNULEO-0232
1 00232U 26001A   26001.50000000  .00000000  00000-0  00000-0 0  9990
2 00232 090.0000 154.2857 0000001 000.0000 092.4324 12.41559304  2320
VNULEO-0233
1 00233U 26001A   26001.50000000  .00000000  00000-0  00000-0 0  9990
2 00233 090.0000 154.2857 0000001 000.0000 102.1622 12.41559304  2330
VNULEO-0234
1 00234U 26001A   26001.50000000  .00000000  00000-0  00000-0 0  9990
2 00234 090.0000 154.2857 0000001 000.0000 111.8919 12.41559304  2340
VNULEO-0235
1 00235U 26001A   26001.50000000  .00000000  00000-0  00000-0 0  9990
2 00235 090.0000 154.2857 0000001 000.0000 121.6216 12.41559304  2350
VNULEO-0236
1 00236U 26001A   26001.50000000  .00000000  00000-0  00000-0 0  9990
2 00236 090.0000 154.2857 0000001 000.0000 131.3514 12.41559304  2360
VNULEO-0237
1 00237U 26001A   26001.50000000  .00000000  00000-0  00000-0 0  9990
2 00237 090.0000 154.2857 0000001 000.0000 141.0811 12.41559304  2370
VNULEO-0238
1 00238U 26001A   26001.50000000  .00000000  00000-0  00000-0 0  9990
2 00238 090.0000 154.2857 0000001 000.0000 150.8108 12.41559304  2380
VNULEO-0239
1 00239U 26001A   26001.50000000  .00000000  00000-0  00000-0 0  9990
2 00239 090.0000 154.2857 0000001 000.0000 160.5405 12.41559304  2390
VNULEO-0240
1 00240U 26001A   26001.50000000  .00000000  00000-0  00000-0 0  9990
2 00240 090.0000 154.2857 0000001 000.0000 170.2703 12.41559304  2400
VNULEO-0241
1 00241U 26001A   26001.50000000  .00000000  00000-0  00000-0 0  9990
2 00241 090.0000 154.2857 0000001 000.0000 180.0000 12.41559304  2410
VNULEO-0242
1 00242U 26001A   26001.50000000  .00000000  00000-0  00000-0 0  9990
2 00242 090.0000 154.2857 0000001 000.0000 189.7297 12.41559304  2420
VNULEO-0243
1 00243U 26001A   26001.50000000  .00000000  00000-0  00000-0 0  9990
2 00243 090.0000 154.2857 0000001 000.0000 199.4595 12.41559304  2430
VNULEO-0244
1 00244U 26001A   26001.50000000  .00000000  00000-0  00000-0 0  9990
2 00244 090.0000 154.2857 0000001 000.0000 209.1892 12.41559304  2440
VNULEO-0245
1 00245U 26001A   26001.50000000  .00000000  00000-0  00000-0 0  9990
2 00245 090.0000 154.2857 0000001 000.0000 218.9189 12.41559304  2450
VNULEO-0246
1 00246U 26001A   26001.50000000  .00000000  00000-0  00000-0 0  9990
2 00246 090.0000 154.2857 0000001 000.0000 228.6486 12.41559304  2460
VNULEO-0247
1 00247U 26001A   26001.50000000  .00000000  00000-0  00000-0 0  9990
2 00247 090.0000 154.2857 0000001 000.0000 238.3784 12.41559304  2470
VNULEO-0248
1 00248U 26001A   26001.50000000  .00000000  00000-0  00000-0 0  9990
2 00248 090.0000 154.2857 0000001 000.0000 248.1081 12.41559304  2480
VNULEO-0249
1 00249U 26001A   26001.50000000  .00000000  00000-0  00000-0 0  9990
2 00249 090.0000 154.2857 0000001 000.0000 257.8378 12.41559304  2490
VNULEO-0250
1 00250U 26001A   26001.50000000  .00000000  00000-0  00000-0 0  9990
2 00250 090.0000 154.2857 0000001 000.0000 267.5676 12.41559304  2500
VNULEO-0251
1 00251U 26001A   26001.50000000  .00000000  00000-0  00000-0 0  9990
2 00251 090.0000 154.2857 0000001 000.0000 277.2973 12.41559304  2510
VNULEO-0252
1 00252U 26001A   26001.50000000  .00000000  00000-0  00000-0 0  9990
2 00252 090.0000 154.2857 0000001 000.0000 287.0270 12.41559304  2520
VNULEO-0253
1 00253U 26001A   26001.50000000  .00000000  00000-0  00000-0 0  9990
2 00253 090.0000 154.2857 0000001 000.0000 296.7568 12.41559304  2530
VNULEO-0254
1 00254U 26001A   26001.50000000  .00000000  00000-0  00000-0 0  9990
2 00254 090.0000 154.2857 0000001 000.0000 306.4865 12.41559304  2540
VNULEO-0255
1 00255U 26001A   26001.50000000  .00000000  00000-0  00000-0 0  9990
2 00255 090.0000 154.2857 0000001 000.0000 316.2162 12.41559304  2550
VNULEO-0256
1 00256U 26001A   26001.50000000  .00000000  00000-0  00000-0 0  9990
2 00256 090.0000 154.2857 0000001 000.0000 325.9459 12.41559304  2560
VNULEO-0257
1 00257U 26001A   26001.50000000  .00000000  00000-0  00000-0 0  9990
2 00257 090.0000 154.2857 0000001 000.0000 335.6757 12.41559304  2570
VNULEO-0258
1 00258U 26001A   26001.50000000  .00000000  00000-0  00000-0 0  9990
2 00258 090.0000 154.2857 0000001 000.0000 345.4054 12.41559304  2580
VNULEO-0259
1 00259U 26001A   26001.50000000  .00000000  00000-0  00000-0 0  9990
2 00259 090.0000 154.2857 0000001 000.0000 355.1351 12.41559304  2590
